Gene	AML_blast	CMP	GMP	HSC	LPC	LSC	MEP	MPP	RApos
GNLY	2828.62848589643	47.898831825	39.06098774625	30.8730509096429	101.089627233812	57.65745257625	293.18991263125	22.462167273625	31.7404441995
NXF3	1717.39180448429	125.2898656575	71.4345963775	36.3266337075714	900.626364459375	604.364178303	181.0568566725	33.717728353375	11.36619936975
APOC2	930.480835357143	65.8748222025	125.8319632775	32.5752460571429	601.07429373625	529.1723800775	188.0497866	34.368681830125	39.7389083275
ITGAX	2034.53512091429	301.666007775	498.925359575	80.3217981407143	384.114782085	628.72085929375	97.155773475	53.421048421875	96.502827835
SLC4A3	716.549378081286	22.2444841975	46.12100735	8.94352940885714	16.076721558625	45.50373129175	14.3214532015	11.187356937875	4.351214754
APBA2	1014.84788928286	253.96305575	72.836738515	33.2441752225714	461.12164824	448.706504701625	651.647164725	62.579059405	28.386889909
CEL	1545.03782944286	412.4155782975	333.633916325	55.7755404485714	384.431782465	260.3409738925	209.2445453175	98.50644912875	212.5217272675
ALAS2	589.963547634143	241.5975698775	96.29926493	7.16088686457143	6.591487959625	6.623904016125	484.7652003675	6.177504134625	5.49637733025
SPON2	1958.45325661429	437.81915115	971.3675653275	86.6459422428571	496.0739304625	467.417370875	368.95714385	104.33372555	264.587796525
RASSF4	426.981738857143	65.8483218575	666.6640338025	40.1172253902857	136.44454613525	94.466985238375	44.4145546	24.982090170375	36.0169924065
SGSH	226.081562258571	62.1562300825	34.06656048	33.6765986568571	33.14384416675	23.600857903125	20.2441124935	7.212701445625	12.8832998175
MAMDC4	461.293518795714	341.384317655	60.90254233	42.6156781928571	217.16090898375	66.75733599625	155.0558335875	26.059417484375	30.44419054
CPNE5	272.957321682857	66.9387487425	29.5098224175	34.91731712	39.480391138125	44.8116392945	111.7333253575	24.075706715875	18.6383168005
SIT1	208.191672142857	119.085547875	268.264263085	38.7818743558571	33.777922434125	28.176609001375	231.9229332875	24.895012265	12.77820657325
COPE	328.33931788	125.7394129875	379.1425735	22.4493089105714	88.00092730875	75.168719138375	139.0409619775	33.54600830375	17.0087940605
LILRA4	154.46646094	39.3487899475	203.358618945	22.9516342227143	23.112875628875	38.275420241625	60.0200357325	17.402227778	27.9531512275
COL23A1	548.159337422857	113.5782636575	295.6596425375	38.4408656742857	239.9302899625	176.57721360875	139.193703005	44.8039192775	62.4164688025
ALDH8A1	627.143953708571	48.2671301725	119.744831855	52.9685009252857	256.481803245	234.854850898375	303.9682051225	56.071936535	153.64817647
FGR	2203.56937565714	370.18276965	795.15497965	166.416206397143	497.6777640625	694.4622757	419.92591965	179.212126175	282.939658475
TCIRG1	13600.239501	3539.13316225	7388.9524	1413.79068854286	2894.11086075	3676.74324475	2144.03413975	1382.040739725	1861.73731125
FCRL5	299.197108965714	129.9567084775	229.1980175425	46.8260603181429	48.742967070375	44.748881333875	108.14412027	44.346195145	42.07406566125
GZMH	218.567247017143	86.8690350775	134.486881565	30.1068016617143	14.379452457	47.03038240925	50.2713260925	13.124841608625	20.03325615025
IL2RB	885.909614628571	179.95136412	159.536647485	87.8699491614286	82.08669201	97.38156651125	249.1402315825	84.4550167925	89.4712689325
ABCA7	3542.5074129	1502.9722701	1822.393119475	230.3937623	380.79584505	425.7834983375	2657.99611975	207.21357105	565.90536155
UCN	501.125979028571	74.0189960025	142.9517009675	95.1140976222857	173.31904914	202.51800998975	246.3372581175	102.0630322525	118.7068961825
LAT	1346.80484924286	1060.600802225	359.5059048075	92.77714387	373.75007777	295.38947725	1142.07350435	215.5164687625	121.6778116575
VENTX	198.892906992857	71.74347551	421.195342915	34.2930948114286	23.579358994625	24.484517536625	49.4496950175	30.2186333545	20.02304633075
SH3D20	137.190461905714	12.7435562385	24.0766922315	42.6769563927143	48.790882303125	50.36217717875	18.0030040115	40.352776178875	83.69298169
ARTN	165.572918851429	76.5513437975	59.9306004675	11.2083442558571	128.35948995125	51.07504698	39.025095685	12.538461122	17.85713134575
COL9A3	73.3453115357143	27.8542839625	69.3131304975	24.8170029512857	22.56255997525	17.883748335	25.1479673325	22.268945235875	15.5368021395
C16orf93	1658.23099457143	325.35342885	546.264874175	210.767858271429	1151.1526902375	978.1726697375	441.4536419775	267.915165275	317.531044625
EOMES	436.103308132857	217.71912744	232.082068725	51.7647915774286	47.008046455	71.39428006625	160.628563725	51.6301057325	49.4001986825
CCDC88B	2513.4856018	1747.0356105	2584.8726621	301.143950128571	404.033213015	534.046931475	710.00546565	314.617883825	753.347427175
CCS	3616.23150185714	472.3216127525	525.18399855	717.861275571429	2293.7364203375	1588.6797586	1095.693436275	754.5514039125	1259.417149525
C4orf48	4174.52334528571	1685.5763347	3609.448897	543.476263728571	1479.7317809875	1136.8085784625	1385.14646375	662.8535544125	423.046998525
HIST1H2BD	4209.70172697143	734.9537769125	698.79701225	523.573793642857	2678.03014255	3851.59009603125	518.562944525	575.17455958625	635.591483925
OSBPL5	1556.32274	365.4909581	379.6389590975	184.8675968	805.4539479375	733.136768425	602.37270895	222.916174525	243.84578105
CPT1B	3404.55452825714	1306.005523775	1754.670704475	348.1926958	1049.33931678625	952.31235165	1445.34243085	358.6716606125	477.174504075
C16orf7	1105.71022262857	422.8722489	388.03951984	109.656964274286	251.94930505	153.50951019375	324.654345225	105.50687332875	169.66179535
ZDHHC14	2976.06440528571	1826.483825625	701.5677831125	513.6790836	1024.6669388	760.3667813375	3078.04556425	673.016324975	483.273573725
NPFF	228.939650032857	86.2670667125	79.5489768875	31.167425173	72.85554345875	57.51676724625	114.96761103	56.63118161125	72.7301502025
C20orf85	46.2528613495714	65.00826042375	28.1125946975	9.87466100042857	7.432517922125	9.210115660625	22.7994284525	13.499252023875	6.05257686325
TMEM88	479.772543057143	448.541639975	486.83949875	82.9871890542857	136.084891504375	120.89950082625	120.5431973825	118.1236871475	124.5254612625
FGFR3	212.258083805714	80.4397758775	72.39319456	84.6486488128571	62.763416016875	33.161674550875	169.510988775	53.072157225	74.0260162075
PIK3R6	1161.31246834286	283.991118015	368.401432725	200.5830988	635.3969748375	656.8978094375	246.957430165	214.47268625	364.05614305
ALS2CR12	84.52087378	142.0126926075	54.9016450125	11.4069353634286	15.000002333	19.399401654125	58.791295865	10.913165874625	13.20001779075
BCO2	338.065702314286	36.644647845	150.932142895	73.0427781157143	141.3492408315	173.9733570375	203.8358623775	74.38342344625	111.76414814
C7orf59	5239.540543	1220.001631775	1705.888577225	820.951679814286	2747.48902475	1864.4669523875	2931.98906375	1003.0450603	1305.51905245
FAM116B	500.3025063	76.48842482	145.35319354	79.1944201885714	337.387297675	323.29564815	56.0715759675	89.22199604375	274.5454441975
ZMYND17	594.030984342857	130.8138150325	150.3477431525	73.8721673357143	178.14925544875	193.62196073875	92.8915823775	109.49231384875	117.5070278775
CLC	2987.74277169429	23796.52547875	129.8366302625	32.8390557214286	186.73508411625	65.35330652075	130.0710259	159.4023360575	10.09191348725
PRG2	289.569217846143	6013.75910887625	519.1890944625	42.7034636254286	70.1516599686875	57.853327618375	293.0963066425	44.6283148324375	66.219842936625
PF4	1493.82981771714	6812.26674525	576.0645441075	189.940144401429	129.234496922625	58.7967756995	647.682590725	1798.2682417625	123.2115800675
C3orf35	65.8316529401429	598.4765185	229.928118935	10.2758464568571	29.155049785	23.0815535535	90.99884430675	17.0099692	26.2446168905
HBA2	21888.7631795571	19871.74304275	6161.036581175	248.071524732571	97.85661306375	295.200893105	19394.424201325	132.75137048	101.67890943
LTBP1	518.147328282857	2111.906117875	314.7397355375	83.4622573814286	192.444414069125	110.611662447875	962.22059805	321.633082946875	30.03714841
MS4A3	515.283329985714	1245.004928575	1065.670231	30.0551938608571	441.711333223375	415.488556236875	319.993387575	40.750118325875	20.32881113
ANP32C	9.65621905071429	251.357085305	63.01807117	7.38980274371429	11.623205173125	9.862081663875	66.8021497955	6.9093881565	5.54443970675
CTAG1A	57.1124526574286	281.16898185	100.5861135175	6.80608368928571	23.0991925455	26.3162436515	126.82401857	3.964575469625	26.35199258225
CTAG1B	57.1124526574286	281.16898185	100.5861135175	6.80608368928571	23.0991925455	26.3162436515	126.82401857	3.964575469625	26.35199258225
C4orf7	37.4107311117143	215.376493315	42.8565621225	10.8510162801429	10.83434755375	12.8057652205	32.4631239755	15.122834899125	11.778395197
LCN2	94.7838457528571	619.8718701	127.475851035	39.6559900625714	32.89509777125	29.516744519875	303.82399801	45.094941053875	24.81144256025
HCRTR1	11.85185158	178.00645037	169.11434279	18.0121228085714	6.07208490375	6.432871634375	50.2028041275	4.432893719	4.88411304525
RGR	131.076802490143	557.797440775	398.46295035	33.8548883514286	20.50972592325	32.90579540825	129.6535091125	21.695457680375	31.32775347725
IPMK	43.822213548	272.162234275	181.3663974575	18.9521083668571	14.330746090875	15.001856118	34.92820535175	18.2682761005	24.79782618175
GJB6	8.90569757971429	147.211995325	113.525602095	11.618497641	10.453855133375	4.381142971375	125.225412609	5.710618591	3.753962247
MBL2	11.6462546734286	101.8173485025	31.8008299425	3.40372565471429	5.602219578625	2.3874213145	17.9377626895	3.286415938625	8.7826926665
RNASE2	651.223102584286	3422.3550796375	3564.016067125	70.2526510407143	1142.71300338125	449.514983908125	422.17837797375	72.618286490875	69.27449181875
INSRR	31.0978507312857	323.6126186	372.2328638825	15.2898637658571	21.514091144375	12.342743237	148.77222638	21.950325545375	12.59045339725
TTC23L	48.6403669581429	213.957092875	220.1446476025	10.8356969521429	7.709816483875	14.62171814825	83.37578650975	30.272905293125	5.06339990375
CPB1	82.4023612005714	403.88982775	103.4172072525	32.8778175901429	21.560027597	9.626358509875	93.86370076	74.11737307	18.03949265625
RAI2	21.3811213938571	251.789552475	362.3844749025	14.4963556987143	9.886313731	18.169161722125	196.84849397975	19.7766479525	5.15950772
FAM47A	8.931699397	169.401775435	31.9102596	4.91883922914286	3.125697486875	4.89158934025	123.14883386975	12.56570838725	17.11816378825
POU3F2	35.0299530604286	285.13460845	126.1308110875	21.0017190951429	12.89548218375	11.684514157625	30.361034205	15.771791823	5.7258746205
DRD1	16.610345526	170.8643622975	159.08961315	7.37623332942857	5.989482275	6.78093825625	52.62533354	8.402119603125	3.77537734725
C6orf201	30.2323685771429	227.443137875	44.3130899825	11.919619941	17.810598217125	21.956362445875	30.69011341875	17.39515363675	20.31660539
HDC	6900.02783110143	1765.9070635	212.9441064125	31.6711282228571	2608.5734338125	2113.54597034625	391.4423357	151.1096861625	14.3022678175
ZNF695	14.4794424997143	175.78875129	54.1992628675	16.2315700208571	14.52729674875	5.160806679	31.4500464265	7.723906425625	11.952031757
CNGA3	13.988636095	111.554859105	19.658875065	5.209643215	2.763185937875	7.7020873055	95.46036607225	4.06674485375	3.7879613285
GRPR	78.8961963757143	639.1253677	519.3438332	40.8964122868571	34.694282471875	50.8897878275	273.77398272	40.34831899825	24.34056081075
OSR1	12.9597949537143	132.9564185675	67.4988277175	10.5850272558571	6.014777731625	5.458256737125	27.97198665175	12.461746261875	9.17948202825
FGF16	61.9713078314286	411.549797925	196.6413908175	29.2101055594286	50.9770575975	28.443151739125	68.94479515	28.195190634	38.38834564475
FLJ36070	96.0873111785714	458.1517013875	325.7519327775	38.8463946062857	41.718926075875	17.402123040375	207.54928490825	21.139621333125	7.72758006475
FAM13C	17.6197616405714	133.42027005	53.52555498	17.5684844687143	6.04938629825	12.798794362125	24.675621608	10.3328630605	17.88802946875
FOXA2	9.68581554842857	140.63813356	67.2950542975	5.63020333842857	7.529550845	17.173647472	24.00498823575	5.983414696625	6.83276155725
ELA2	950.387825362857	3171.61669395	5982.9192225	20.7130454038571	652.768013763875	196.72965539775	1002.3918586925	51.632852231625	5.19715912025
PRTN3	274.437102780714	403.453447415	1519.61277175	19.440830436	79.7236590445	18.55104747475	218.83199435375	38.955467687625	2.81738958675
MPO	3177.08065344286	8912.96188875	31596.06858	240.28060604	11336.12043845	10169.8155059787	2632.641263675	486.907294635	399.643941465
DNTT	201.452343827857	580.7420929375	7758.212869125	247.887528759286	380.21359475	623.368780791875	1488.785781585	1034.57385293438	9410.964538955
CSTA	2030.07370422714	905.989306975	6972.31962275	61.3544505411429	2624.7812846375	969.8451424125	518.270939775	57.771383453625	46.9651526975
KRT19	17.7276222272857	62.566292499	241.720828565	3.23076325014286	2.27072148925	1.87152906275	5.79593157	3.567577756625	4.9116858755
ZIM3	25.1383730781429	27.9752278525	281.1565199	12.3082860401429	12.8001952865	8.886273438375	50.14543142325	15.074993462875	11.35598110775
OR8B2	33.3717134635714	15.82931829	306.704684495	5.88056662271429	14.436480971875	28.07685116925	48.6836542205	22.246346773	6.26591748175
MMP20	8.35052437471429	150.5385325575	308.516706625	7.08779763528571	5.548153825375	3.435118920625	74.62177618	11.682586590375	1.95602133275
BLNK	1183.62646128429	231.9541533175	1854.079118	22.5869849362857	258.175386455	390.2538098595	272.094740531	40.742254013125	494.847539855
MAGEA12	50.1031254585714	1076.365537345	1353.27049635	25.7001477752857	111.65410709975	105.44982553425	54.80777468	57.131689862	51.9018630245
ELTD1	20.3793125004286	53.8030236125	285.639327	6.29548277971429	14.7472473155	14.604318289375	67.47280116375	19.61509487325	6.44201793575
MYF5	53.4327834128571	200.26254004	425.964140425	14.2264488588571	16.724302704	13.472361593625	69.1469151215	16.210192461	19.063545086
KLHL32	12.7688667015714	124.3829191875	260.13791755	15.2729816518571	5.959765665625	11.048767680625	126.40669128275	14.8014887565	20.51426679025
SLC5A4	21.0531485742857	41.8875103925	383.335113825	15.3207564125714	11.95910390775	15.647578839375	54.522128079	8.059194330375	8.6652387545
C5orf20	209.220880067429	282.1431866075	413.497747675	6.65152434071429	19.22575748575	76.9958323385	102.9156238075	7.155974496375	18.16397989275
RBP1	26.6393248441429	21.3094591225	249.06409555	13.4679171402857	9.401186811875	12.77214618175	156.496479772	13.926595611875	20.08365104275
LOC389328	3.47036738642857	36.635982912	248.0619952875	3.76552598957143	5.970307278125	2.4245509955	17.21435627925	5.239377225	2.033956746
LYZ	371.251339255714	724.47515405	5246.9359455	280.184847228571	396.02101216125	247.23974037375	315.715559675	211.5890869625	117.4698353375
MAB21L1	42.9055635737143	101.56201717	402.48698625	19.0316522521429	15.836525103125	19.62268084725	88.0338355775	7.702679977875	30.28452023
LOC727933	17.4398158887143	231.564633045	326.661405475	7.20854606357143	11.821229877625	9.966504387875	222.332442175	18.9061886725	13.1461282535
BEST2	56.1039443134286	195.026858425	402.284485925	11.400596674	14.179928594	10.7987469025	95.6222722025	15.193245803125	12.26808962725
TCF21	20.9878587925	56.1669912075	250.52212910125	8.96877225035714	5.4641616820625	12.208550338875	78.581629947375	9.29873854375	7.33371324325
RNASE3	222.525438722857	1340.970396875	1923.771367	45.9815995908571	243.2839486375	86.44744101	353.224046355	40.879047199375	51.860504255
CEACAM3	37.4998247071429	278.7788326	803.761366675	36.8921168857143	44.10961847375	29.598655738625	144.0178521175	29.251342963875	21.8431401225
CABP5	10.8548818054286	115.9793124425	296.877626375	11.9031045138571	8.19512628675	15.242425445375	65.667129165	13.95134920475	3.28737190925
SST	61.9767239857143	90.1999414625	481.749108725	22.0046432211429	16.189343859125	20.870038651125	168.2291195575	19.363406388125	42.9511031075
ZBTB12	59.0844563257143	59.953971935	422.8711204	15.7594473317143	19.66865208	15.718470519625	290.8919757925	17.941513393125	44.624502165
AADACL2	19.2517209524286	14.8717147265	216.3399182225	12.932464397	5.006374744125	6.015826366125	47.65812785475	7.86192596	18.2151195265
GATA6	35.6069723414286	108.67586446	282.34402395	3.15194527171429	19.7668961995	12.924422474625	43.8728816515	20.717824867375	9.87780373425
KRT14	96.7945282842857	572.17033775	1815.00385493	28.8625359514286	43.301882702375	32.4979798215	1786.0111372025	37.3419959715	38.08087623
AZU1	1032.84299554286	1369.494178525	2951.975705475	36.0250217568571	393.16428503875	163.305528040375	399.936004925	31.284417600375	29.9103766675
STX1B	15.4343267614286	226.2105970275	305.166611485	7.55062864514286	5.537958138875	7.454633337	32.5716637325	7.5933052075	10.11330433
BTNL8	21.27026504	200.9044027	437.2951716125	14.2386786235714	8.426037772375	16.23821661625	75.1925273825	17.891216468375	8.95302941425
CDH12	43.6098461578571	58.28090363025	288.058556975	15.1768187075714	10.894460131875	5.591215292375	44.53255445025	19.35238929525	5.17427052675
CDH17	62.2547348114286	230.14988538	520.500526325	39.0773785164286	9.699286673125	9.972044671375	166.21927056575	21.92778039975	17.3331780775
KIR3DS1	59.9586731111429	174.71196408	631.6225789	38.5646539535714	33.717873863125	28.3202222205	175.14364569	28.90346702425	25.2146281615
DSPP	27.6133795705714	25.18490841675	294.592017975	31.1066115042857	11.96043408525	19.283137474875	90.989408749	31.77928718775	11.21728302975
KIF2B	27.8637338898571	129.5490189775	313.121623225	19.5164976214286	23.62717887275	14.4629996365	67.2511044625	14.05431977425	26.37787310275
B4GALNT3	16.3831428305714	100.3523866125	335.13969985	11.0488081774286	11.91671512	9.97199909075	199.6152124	31.9243496145	12.29806113425
HBA1	22372.5467560714	31781.46456625	14555.173235925	1087.75424048286	101.61420600375	273.27816604625	28945.434346025	132.07542318	98.1598308
TAS1R2	49.372205965	107.7121762925	255.921076175	6.321759875	16.157265555125	9.020533655875	62.98268746	12.927570431625	4.60685798275
KIF17	151.974725678571	211.951227895	556.831051275	15.5201246435714	38.578242147625	66.85450711625	45.8591351175	22.984105441625	61.948290227
DUOX1	35.4327882561429	59.951547635	293.499798125	23.487037767	12.12780964	17.094530720875	181.46784254575	11.43969584625	21.22270248875
ZNF560	34.4045716411429	137.142514515	228.137485855	10.9644749871429	6.0506826925	12.438388692	16.58269700825	18.045633270375	6.518030835
ATP6V0A4	40.4577424415714	114.735112645	394.868908525	34.9252757328571	13.51474060975	16.65197218675	201.6273834275	22.440482933	18.53875887725
CCDC158	37.7796481542857	52.6456606425	331.025515725	20.9540333868571	26.0098494805	15.5390777755	184.37907308	24.102185380125	15.2493574285
ZNF208	19.704101089	53.13372908	135.70796542	2.87902465685714	6.51335546175	5.645836393875	49.79471469075	7.354942605	16.81024290375
ATCAY	62.8313827285714	142.9591202775	708.132553225	32.5898499478571	45.92462001125	37.673295882375	139.72950245	31.8844710475	36.79964868875
EMCN	18.608420166	115.5052912625	108.05271743	461.091704942857	11.155036668375	23.73755148575	25.2179662725	266.3420228	153.5627684
PLSCR4	78.9539142471429	486.497149575	540.9640853575	1662.9788687	45.22098906125	56.651078945	200.339943225	1203.7094905875	553.214201325
EPPK1	15.2722482728571	70.886978995	65.099454595	313.303406947143	11.192520438375	25.309576080375	10.906770168	167.348761471	49.1008133675
TIAM2	51.12299757	60.3570260275	75.4978822675	610.591707542857	34.83263722	48.00519370125	26.797351215	370.097546975	173.65171031
SETBP1	124.177875255714	148.1742874	267.570231575	1246.73357164286	28.085730928	119.872222225	77.8278849925	833.7304169125	1766.91052
CYYR1	44.7736903328571	226.952386785	216.741560105	1103.62645715714	114.61088731725	75.8278709015	243.1568917725	819.3996107625	475.2358531
NR4A2	619.515778908571	1021.010821725	867.849922325	5552.28927771429	486.808678135	604.2808522575	540.544682325	4087.9251807	1728.538937625
COL5A1	143.959674972857	205.93734216	104.740030535	1137.75342497143	50.074483512	47.119078946375	228.659859475	828.262871225	682.0161531
FOXA3	27.6374669528571	44.239035625	233.4769015825	331.352483285714	24.693004301375	28.3609163235	51.151311615	196.361925375	43.3257668175
FAM133A	46.238325517	60.403661325	74.719576295	331.044801385714	12.999488350125	42.914771691625	109.24358146375	220.0579952925	38.975811762
TC2N	45.9588839828571	121.8638418225	93.8474751175	268.826912957143	13.23083855775	19.769820340125	15.498432515	233.7036104225	26.69341867125
FXYD6	51.7319651775714	213.1682310825	319.303980565	912.008158785714	66.6916390145	42.597318134625	93.37239882	481.7603385875	505.5953476
THRB	65.30200355	266.04595955	206.6723115575	653.940505914286	26.642474431625	38.422582396875	161.6584155075	579.23918945	70.64492976
RNF150	58.63182855	74.3532999	368.5105683	595.661391757143	34.2368998275	34.18035701425	49.30645645	485.506843075	337.957807575
EPB41L3	28.2771875984286	98.2189394625	98.2597110775	284.396518985714	27.369458687375	31.985523968125	31.047167947	192.5590320375	101.1292099325
FOXO1	322.992823235714	507.170018675	305.733746575	2640.28984871429	225.297046325	391.2117168975	742.410835	1982.51355795	894.670013375
BEND7	36.7173915282857	125.7292834875	171.83910936875	412.995671491071	20.217039005	33.5532871195	72.355268314375	330.353519940875	88.5382105955
CYP2J2	31.45289864	100.40751305	36.8017238025	160.083559242857	13.032307133375	13.1001451405	66.0122849545	91.7611972725	54.534658755
SNX7	56.6400715427857	103.603728821625	41.68619401625	318.053051442857	33.9394956535625	22.544672878	114.85612953	176.153324851875	144.512338965
CHMP4C	61.0638512142857	80.42934117	293.88424235	520.435072271429	30.10120515475	39.797211995	126.1663666525	418.8958574125	146.0984783575
SPAG17	43.223417517	139.5861937525	125.229949535	243.920523102857	25.01403512725	36.90053855575	57.6389166825	74.15215693125	29.3740562275
LDOC1	179.954802918571	769.74035405	480.362652975	1862.69626257143	223.32192058875	292.50642919125	291.2937718	1565.816624625	914.5705335
PDE4B	166.818966167143	404.310209775	701.250313775	2039.68387178571	226.46455425375	353.8080586	73.386865695	1246.6874327875	1662.009332025
HEG1	92.7710229685714	144.6379336775	196.0800659525	324.495620385714	20.027671186	25.71575181425	60.329026075	257.7908255125	117.3470087125
MLF1	41.9553109728571	112.67350633	65.175669855	399.712391657143	39.60579998375	38.6374409785	191.1598588875	319.257335355	114.85746556
NAALAD2	12.3505747082857	35.86847347425	33.3076993225	82.7690421128572	8.226992153875	14.98405351	48.1788908615	43.470464015	43.482492827
GPRASP1	231.344297428571	209.5673959475	390.94080529	1286.49118147143	139.055993785	191.94629725	206.816356875	919.2531427625	401.37790125
LRRC33	494.56821052	33.9277519575	52.7432515725	167.949957174286	1011.3477338875	704.5639423875	62.127621635	173.3147040275	159.073405675
CTSA	2877.082076	719.49012415	925.463884175	666.164577928571	4259.745613375	4227.6014757625	711.95639465	714.781160875	644.043420425
PFN1	1604.63711985714	910.22648595	1068.53495445	287.266806628571	2952.134980625	2015.7227576875	1203.81801385	374.16299075	441.12607215
PLP2	2818.27069361429	1038.905752475	1135.392898325	1168.7269079	6168.675948375	5545.1405176625	459.268010875	1110.937869275	2781.696304
CD99	3427.76797402143	1469.39290125	2162.979810625	1719.53660578571	7934.7091243125	7309.635660925	1267.7006101	1820.5517283375	4263.861674
DAD1	4856.04224057143	2926.761151	926.1121373	1944.61105928571	7427.586092	6292.898535375	1125.73784925	2302.355056875	1674.8464695
UCK2	551.991006042857	280.603170175	683.896854125	389.838772014286	1275.520730975	1022.9692414625	229.2062735625	488.495878725	345.7748917
FUT4	634.352171621429	269.11608911625	397.11116231375	286.127705593571	1009.93397405625	835.63611265	142.75356089875	272.183787375	244.7360406625
MSN	3088.82484742857	1774.4871705	2020.3877515	2552.84308257143	6860.508085625	5079.42456075	1332.4294016	2864.83975825	2213.2252875
HAT1	1863.46534922857	1676.45583075	1410.0678677	1883.18155542857	4067.82333625	3068.945427125	662.036671525	1916.605937875	1328.1010565
ADK	589.915976028571	723.3285257	610.457014925	407.937147671429	1282.6195646875	1011.0863431375	497.97836065	405.1219941125	416.02687555
C19orf70	1085.21205875714	516.08706565	602.898389525	457.399011514286	1610.2573558125	909.6703280125	973.99503505	589.0163417375	598.15527895
HSPC152	3971.35032814286	1853.3418154	1772.395902	2765.957787	6718.42637225	4679.23890625	2438.5987345	2794.11789875	2499.59019025
FUCA2	546.268933271429	650.345538525	782.5901235	388.500236742857	1117.064439075	718.437182475	348.37894235	331.2998512875	228.2071132
CD63	6733.62793557143	2880.807264625	2290.861982875	2010.19729621429	6801.1512015625	5550.8890821875	2160.260544375	2243.7661831875	2074.119957
CDC123	2879.30875514286	1712.51074275	1935.619992325	2646.13694485714	6242.476970625	5461.33020475	1633.57343825	2749.543524375	2208.1511255
MRPL18	1554.8451034	1093.5234904	1133.736513725	1322.71836848571	3304.4566675	2929.026452	1456.764039675	1299.9876115875	1084.70354445
GLOD4	1597.87252314286	621.903209025	768.307077175	1087.81570311429	2359.1514625	1727.2547897	773.293602175	1010.0707245625	781.498470775
NIT2	3254.22856228571	1255.8789507	1766.0580975	1836.88135328571	4613.949364	4266.749461375	1097.66648585	1940.823053625	1591.93569075
SRP54	1285.30809042857	557.012759825	479.12500705	907.328836128571	1936.1454145	1855.8333406	576.70417105	892.059204825	574.8089479
PRDX5	4200.59691885714	1807.94357625	1851.293236275	2133.70996042857	5699.713066125	3974.7493515	1845.46849765	2333.603694	4057.4893195
COX6A1	2168.06334682857	1302.8109438	1596.89925	1449.56385762857	3956.082432875	2649.288069125	2047.344449625	1794.100886225	2121.78278975
FAM62B	1206.2727303	624.54823155	752.909672275	682.633326128571	1860.8351935	1778.732043375	386.473520825	767.2817296625	826.6208709
MRPL27	1223.6962023	797.23358355	727.043321625	468.028886585714	1696.56057	1444.255901175	1284.091695675	491.7828924875	730.8353863
PSMB5	2025.77367727143	1525.94002705	964.12477885	1527.62391385714	3574.042201	2456.7759513875	1918.70056775	1741.631427875	1244.4573438
MAMDC2	1945.22276464429	182.7152835425	249.080649755	43.1624293312857	3051.6072114875	3432.50110090125	214.1678864865	81.213100585	53.3036438525
SUCNR1	589.186337785714	165.939619515	865.532736325	41.0632928634286	1470.62386545	1816.0961068125	127.60191882	55.49594017125	213.794524705
PTH2R	451.786436971429	106.053744005	150.565243005	30.6638047235714	792.470142275	729.0073864125	163.333194225	40.83255467525	25.9051149995
C3AR1	605.023823185714	48.302518655	213.67077054	42.1329301832857	911.2572116875	770.84219981375	38.24402221	33.1028216775	66.6245643125
AGR2	54.05075415	32.753583125	55.9308827975	8.83996842514286	208.958312514	1474.48268001775	36.3248705425	14.74914781	64.77104351775
HIST1H3D	1155.60364611429	199.8252520075	48.8436200375	89.9357266642857	1554.89226727375	1984.71955115	204.26231985	127.73733195125	105.2314378275
IGSF10	727.6705929	265.5273909	202.66159559	182.255839306429	803.6912568	1351.7179633	83.6526762175	171.1647869275	186.36953567
LPXN	2922.40505171429	386.432362625	1212.1196634	522.463064242857	4238.66056975	5942.037556375	731.52340105	550.980439375	1022.6783848
CD33	783.396231405714	326.374658165	467.873949375	395.203522287143	1627.058869875	1978.3663997125	25.32063611	392.200454875	623.8452788
CFP	1012.19457281429	73.98025281	187.27719379	224.415265742857	1253.289850775	1599.5922949375	175.5111866325	253.9222024	268.7699263
PARP8	593.053215214286	374.77953915	476.83187875	229.237278942857	1048.2148856875	1381.0946400125	219.6404801875	164.48320523125	123.5137474425
IL1RAP	237.465090242571	86.82229173	198.88574975625	91.3267885067857	616.48063966875	597.49631929375	88.022300045875	99.3866857776875	195.66558912125
RHOB	286.827171204286	55.781008225	90.995739955	69.2493106385714	234.2376853725	340.417228825	59.56815796	62.28750657125	24.510314615
FLJ14213	211.623179854286	242.924019575	135.318002835	285.096155171429	1305.22036842375	1440.798903425	108.59390256	256.325233175	476.1002932
ZNF185	967.242977604286	543.7721279825	1040.80698075	620.930139514286	2226.6899777125	2643.41814375	237.6388953225	536.03597435	456.217341825
OBFC2A	480.875430814286	117.859079235	213.05188637	240.271129514286	710.7944579375	951.859794825	116.5731572475	209.5142867375	277.536302925
C12orf5	335.713986457143	144.80663124	82.7691352125	170.115625165714	467.2022452625	632.8159099875	79.3673180625	169.18170312375	314.55850934
RNASET2	6243.71747157143	1597.542861075	3841.77697975	3136.869359	7761.19940975	10273.066911	1663.188197975	2674.2273312625	8388.8664745
ZFC3H1	1897.81243675714	616.21647125	480.590535575	1347.9537683	2859.338745625	3347.349832625	437.8686041	1352.3536945875	1039.333378575
DSE	739.482696057143	431.075529475	591.785047275	832.079146014286	1093.7860762125	1610.1958413875	220.54066973	664.6383452625	506.357700625
RCBTB1	863.075927671429	495.3031792	389.002547875	1571.17529732857	1715.46793225	2490.09216275	346.13334415	1312.1764861375	1211.77507715
CTSC	712.031292728571	269.90513525	465.74768004	329.608559457143	1133.4872456625	1206.26572415	205.904127075	312.7798377875	314.185716
MORC3	1184.78463475714	374.6977015	487.981998025	1505.57297641429	2211.316428375	2554.433936375	382.109459	1233.8211928875	1403.42986305
GPR174	100.071283154286	165.38050555	106.3581530525	44.3464134097143	155.75906993625	220.0280747125	91.996852685	47.57808996875	80.56774793
CCDC76	632.782221042857	357.6737923	337.86176366	909.404226185714	1263.2864322375	1645.995855375	219.390689675	944.60881155	685.8209442
ZFP36	2160.77207845714	1000.393348775	1748.39540375	1122.84888767143	1625.3135325625	3335.8664121875	417.108210775	779.9597343375	1302.688620575
MEF2A	537.026171271429	169.9335690475	486.994760375	212.565938942857	547.3374615875	832.97775485	180.8423102575	229.41922775	651.99229375
KIAA0907	3094.46009	785.612739925	830.549876175	3424.66320457143	4119.720353875	5291.635969	677.908406575	3316.79453325	1997.1806575
SCO1	299.9302486	214.49963543	261.6556705725	307.046942557143	522.3077334	629.4350394125	154.31511989	318.5010644125	238.105834375
C1orf71	1132.23838559286	499.863061775	239.13210104	675.993482764286	1139.69469175	1587.5790408375	267.036303075	703.04546135625	817.148955075
PFKP	3001.783035	1245.592096	912.68216155	1504.77270167143	5251.359702125	4336.591045375	979.405272675	1562.1753744375	1037.3314684
DBI	6945.78278871429	1663.53361875	3975.84795875	2559.90382	7344.263217	8134.676368	959.810001275	2579.650231125	3475.94886425
FLJ39639	466.5026977	208.37504705	131.473534665	179.1430036	230.7346030875	474.63702995	207.5454303125	163.7418453575	198.9799645
ARL13B	164.115708201429	101.527860135	206.3147712	125.56037004	278.35405185	338.7577419	74.0110676975	113.507423705	117.6030330175
LAMP2	769.626570628571	344.87978495	464.969729625	949.928682628571	1246.6702802125	1538.96767975	216.13472715	809.8995470375	730.99616925
ORMDL2	793.250980014286	434.38026565	747.510682825	420.821984642857	1338.9706636125	1429.943200125	280.285219025	442.43737575	459.936707575
NP	2299.83823982857	1754.38756325	1407.65082815	1161.60901461429	3278.46365575	3548.682425125	1393.5484759	1063.8490456375	910.12561025
CTNND1	489.809653314286	260.9705218625	245.10816065	363.442724885714	840.923068975	966.0420518125	224.388466825	373.850597425	296.927133825
RNF44	3212.27002527143	896.0412106	598.537841325	2374.76464185714	2973.860297875	3989.329906	887.696771475	2142.834279375	1661.01703125
TMEM49	2401.12721714286	959.744083725	1209.8382514	1996.446842	2963.213956125	4080.425236625	694.2313729	1969.307785625	2122.759501
UBASH3B	188.568349728571	187.415111625	292.94426976	244.261251771429	499.337885075	643.23933955	140.914559425	237.138437525	254.602397275
ABHD3	661.913608957143	421.248981425	730.643569725	503.242704742857	987.634310275	1240.138518975	233.2719226	541.14531325	761.491475325
IFI44	969.491001957143	437.641511725	540.8137107	1235.15813635714	1484.8088433125	2286.574798475	425.640117425	1123.2055806375	1162.604542175
NUDCD1	281.193085228571	393.36777395	348.7928567425	536.0762655	725.58658395	839.9932250875	186.41138977	555.25145855	363.5032125
GPN3	1492.39278068571	1168.928650525	1530.01357665	1257.42726787143	2601.016867875	3142.343094375	895.376670525	1176.083358225	1278.05781655
C18orf32	1048.15006424286	488.183566525	388.4249205	1073.96823372857	1367.7103983	1747.438287375	351.3728012	1037.75507155	1237.266518725
SNRPD3	5153.69273142857	1821.66444625	2690.29162175	2706.45421457143	8402.147801375	7920.958662	4398.9025185	3088.0999455	3398.12846425
MOBKL1B	834.564373657143	826.726295875	603.191916125	563.6264348	1399.2622979625	1523.8798461625	375.893170525	624.2854187625	714.895617625
CD47	1950.585373	1155.80464375	1324.30253105	1639.18241742857	2976.305841	3716.455982375	1004.2430565	1635.1843660875	2452.4103995
NUDT5	2635.10318471429	1768.378484	2248.72741645	1571.59142214286	3803.352178375	4062.832003125	1396.278282475	1620.7521615125	1672.5059025
APOC1	444.717068927571	2227.60101015	819.28611361	9.26961710871429	52.85778472	8.835149718125	7722.88421675	40.925887070375	10.351948028
HBB	23632.7250857671	43942.8337355	20850.71090675	69.5574284551429	167.95692025725	405.62047245375	49166.31748	184.7494037775	25.145930688
HBQ1	83.4064764667143	373.282548425	91.4241941325	4.89760486871429	3.924588206875	3.077197631625	1128.4811556	5.28996214325	3.92374151375
PPP1R14A	102.696734164143	92.426308865	75.7784976875	16.4671863698571	44.30940951525	32.528842526625	1675.3309675	31.621337896375	23.59125237975
ANK1	210.538986665	1326.1348203	221.3714601	36.927035445	51.15666267125	40.455578439375	5209.07573825	80.469787792	46.4113264775
KCNH2	171.889588035571	773.552877325	189.10392157	7.51653734057143	31.855122680125	10.193517516	1501.22200555	54.560759611	9.816280773
ERAF	740.783885525714	908.9789710425	620.421030375	37.9538488885714	30.486495456	57.025152052	6296.36499675	75.49266420375	34.6495251875
NMU	29.224008695	1089.0462114425	210.48392031	31.3469757655714	26.16052771525	8.970996974	1655.50069995	27.074899293625	24.726542307
ST6GALNAC1	87.7806247281429	220.60091101	262.8846318325	6.53841492371429	42.968286073875	100.785848232	881.8430937	12.836164916125	4.3416205195
ADD2	142.84215856	451.9727935	46.8352336025	31.2020298322857	44.6880337875	30.737860675	1491.072018325	23.216088204875	30.59106521975
HBD	11422.1534505714	13700.12574325	1618.8610158	214.669992268571	517.2537694325	220.220517549125	25128.4377775	877.4361326125	81.219918495
GRTP1	21.8466773345714	308.6783983375	179.1319679625	6.92775814242857	10.135636444625	6.097771251875	581.701320925	18.038787412125	3.37220072875
HBG1	3913.10452102857	2017.92010312	2123.6366109675	165.781751806	64.053414130375	25.405928763125	5361.417468475	92.090489285875	33.6685057015
RBPMS2	232.569420420429	696.8943118	218.9349091875	22.2407110694286	153.72307290675	92.708185551875	1693.6662925	52.412600796	17.4336497775
CA1	906.080874442857	4184.87764415	1341.47924335	65.7125514085714	126.67255622625	89.93634505875	5516.05250975	75.845538845	56.6787051525
SELENBP1	281.938396308571	729.99611725	248.467715325	18.306947478	16.62029671525	17.96602677075	1287.804227575	25.842364117375	22.7626678735
TMEM56	20.9986274081429	118.964782214	106.08610497	7.68408200242857	8.332586422875	4.694785893125	444.841896175	15.591580963625	12.350876472
AKR1C1	382.755864171429	1916.334313975	1000.6829029925	503.915978914286	180.4123683775	259.12690508625	9996.464425	507.3727219875	259.4043685
NPW	29.5346180672857	53.9413047575	129.084175065	9.478038921	59.65887534225	28.805819917875	454.534890675	24.750874453875	4.417234598
NECAB1	10.2750311951429	33.62609824	119.1546753225	17.3851895538571	2.47577685	5.08530357325	228.42591965	6.16887619175	12.41260717675
KEL	539.679581365714	731.1768275	389.865779275	45.422295619	58.175237661	56.852624992875	2013.62820925	55.482934815	31.8725838025
XK	230.983661295714	872.8142693225	175.561283135	61.4392593085714	73.007370055	39.098716584375	1834.37268275	225.2062588725	20.5133291695
PKLR	20.69448364	107.6002977575	57.52095185	12.509675865	10.57258700625	8.048382897875	344.544223275	8.85191509075	14.35442018275
C4A	155.7946494	1177.14642755	833.030737875	71.2213110052857	95.034621887625	70.3823604325	2187.550395	83.63003494125	77.77420215925
EPB42	236.944420364286	729.204653575	61.0771217425	29.734498863	23.145415098125	18.327637664375	830.580150275	21.92538347125	24.7989939975
RNF182	23.0731773608571	270.7042616625	227.954860075	19.3990832908571	20.76347707325	13.7780785945	482.42411975	22.504921063625	18.87104606075
RYR3	411.473449538571	573.8623608	478.2989398	165.312975691429	59.41005492875	61.34179468875	2872.7543966	279.9517154	37.2001866275
UBASH3A	52.0564408505714	114.875739178	53.1626267	16.6573926051429	10.404863291375	13.193260408875	516.3981632675	14.12140128875	11.2330670025
FAM178B	82.8570562642857	726.4438835	1074.791173325	36.2762069751429	92.82864177875	44.28161630725	1398.3887665	79.378488635	29.3316262755
GAD1	39.3684183892857	251.36137860125	73.48641385	15.5407987564286	17.9010356	19.167594992	526.215474325	24.0278329765	9.51816734525
AKR1C2	291.758237528571	929.5044723	713.0637825	196.608641331429	103.84734421625	92.91405464675	3620.812447	237.50882858625	123.988875625
CNRIP1	2379.01042720143	5690.82958925	971.581664875	122.100826461429	1320.6249137475	208.85615292	5879.6707895	955.2615895375	21.648214081
HES6	480.601247141429	156.6548324975	63.1095199	24.3228291654286	223.033487960125	174.662970792875	999.58914905	18.92026371025	10.0037162215
APOE	80.43401322	387.098393975	126.63079778	22.6209325828571	18.415566010125	18.658287966125	620.4730356	27.711714605	15.34694190325
CDH1	34.84341306	319.46095315	174.90133412	47.3285695614286	10.88740739925	18.117436994125	631.187584225	45.100214446	16.4688995735
HBG2	4153.32371244286	2047.888748325	2446.128659175	239.918267758	96.5469666	67.776525343875	5454.09148	126.48934680125	78.179963795
TRIB2	272.269904334143	409.4720318	145.1587486875	18.3663876994286	58.248194938875	34.423092009625	785.220599925	38.7242873665	466.2615914
TGM2	74.7587185539286	82.3980457075	81.8842788575	12.4960981355714	15.9336395995625	16.4424966385	285.88497945	10.803036681	10.41904446825
UBXN10	72.5023627457143	122.8833804875	82.15270196	30.6581607838571	31.1764862925	26.744424149625	462.043463975	20.71894028675	19.8981951845
NFIA	27.8786068928571	479.4972702	207.47537331	573.077195342857	14.437944793375	28.006408513	1190.79113475	515.6265914	118.04405511
FAM65C	76.0856663394286	832.499069575	97.653689735	204.909912174286	20.078429364875	25.207881731	975.99314345	294.3185062875	40.326709865
CD36	750.940052937143	674.70222661	350.736340325	17.8779237705714	379.7315518	542.512082867	1562.207136875	139.874854329125	27.43638630575
TUBB2A	938.154638114286	769.601519675	363.57151042	87.5115130514286	605.92243422375	480.6631589	2282.060173925	80.43763721875	65.95424221175
ITGA2B	247.527403988571	1491.1157609	328.8413023175	70.3172775371429	132.0220259375	69.01114303375	1756.441669325	185.43835940375	17.532241787
CDC42BPA	56.6819552	624.16712675	396.8333175375	433.239216957143	39.993180438875	31.388469149375	1642.30809575	399.87904995	338.623117775
IFNA1	36.765441899	73.76117287	94.38820481675	13.314490692	16.472609913	16.36344143525	222.848356425	21.235611221625	4.00818139525
CD14	76.941455234	238.01126609	64.4911902475	23.9334871085714	10.477267298125	13.45868208225	244.964677025	11.93242885625	20.54625198225
MARVELD2	129.940872121857	251.55468028625	73.11331497	38.2302813921429	49.6059762093125	58.587170312	636.6767080175	39.7914085723125	31.016365586125
MYH10	117.412560117143	1625.6356925	186.419976955	1090.05286224286	80.0996170075	65.7190903025	2836.488574	989.7160208625	360.185587825
LDB1	966.3143168	785.60070235	291.72004045	128.870713631429	298.5933226625	277.3225663325	3364.44173125	208.6088658725	182.5563508525
HLF	11.5357749225714	146.6944301125	290.65503847	4614.50422471429	25.40593012725	186.963980219125	100.159681935	2435.0197996	852.72798695
NAP1L3	53.2767335322857	541.3241169	446.63317164	3223.35512385714	51.470888336625	161.388758846375	271.924998225	2969.383499	1481.61306075
EVI1	41.5860172971429	374.49888075	194.5989466975	3676.71170214286	30.669386995375	64.884432295	496.503460325	2546.80148925	325.04255625
PLS3	186.871639474	459.1448512225	251.54596953	2325.08702314286	124.916641499125	154.982584717	142.2792904975	1882.487729	680.048708975
TMEM200A	98.4813252487143	84.1004170625	113.45236536175	3235.49190957143	114.68215532175	194.06938101875	160.56851617975	2354.7557505125	8505.44231275
BEX5	101.165282655714	883.03892585	600.5446168	3565.76287485714	83.786929726375	153.630587000875	293.892532825	2645.0532902125	689.19822125
PBX1	37.2147912014286	1010.61145625	102.1652698825	901.828815371429	19.805312224375	40.958250052125	602.30527995	1151.35878175	439.033950875
PCDH9	162.117263654286	827.623691875	242.054766375	3418.73878232857	61.61696699575	253.1575157915	478.4939646775	2905.8068437625	722.03026455
BEND4	53.5258729087143	383.2492939375	364.71589465	1316.22565314286	59.68587626275	43.7617604925	236.327989205	1316.4908342375	956.926637
MLLT3	113.290660464286	688.01635875	431.1593915075	3124.63880457143	92.29305751225	186.859280600875	560.034222925	2541.794092625	833.141893
NKAIN2	52.2414763352857	135.7662170275	206.21385439	900.699799771429	16.62738889375	26.3101945175	68.0756417925	736.1373485875	883.4829573
CHRDL1	42.0744592305714	208.0843558875	530.7158279	2096.61236362857	24.77865837475	29.58223309825	135.90307266	1552.75796005	2535.77496325
VIP	39.6491938728571	120.57159524	152.0544272175	329.321059408571	10.54403796825	36.341106935375	82.168786024	294.5330943725	15.06084998
EFHA2	33.9032100024286	108.412660177	94.58957534875	494.914951628571	85.413966111	112.25495005675	186.2634052065	555.8028207	295.162349325
PLOD2	23.6487556244286	464.290277125	125.1926487475	687.755576357143	21.709469933	20.0565220975	501.111128475	650.6489356	191.1323901
SH3BP4	109.6954625025	239.36645036875	423.02787611	1240.83422794829	106.98983258475	145.946990908625	60.382191035375	1121.66232390363	1087.65412802638
ROBO1	33.5260135021429	138.420756585	180.595239765	1044.52478644286	16.40336134775	22.353619773	203.54209354	750.92019415	822.465142
MYCT1	60.7428352742857	275.827573175	147.2571575225	844.991431942857	26.51904929175	46.580845546875	210.4963324275	768.8250545375	51.437781855
CLGN	70.8125944085714	333.214789	896.99399397	1203.59594871429	177.68374953425	84.837765859125	231.67806745	1099.358214025	581.661706275
GPR126	232.279213764286	385.27325475	216.4886193325	2221.631615	195.999044665	638.49855387625	64.26947419	1570.33984475	998.453188125
ACOX2	14.1859123732857	200.1921737375	49.53427168	618.646855571429	15.57637187425	27.38385940925	144.8336495475	453.4397740375	193.3380524325
BEX1	2235.842032	1950.858117975	1536.263836475	8254.01459657143	1946.9902965125	1544.1759892475	557.92872805	5799.276704	903.42547705
PDZD2	31.132674364	148.646132925	107.1982936725	487.790997785714	29.9693730565	38.301821475375	97.885269015	464.0083117875	79.2471268325
PROM1	229.859895665714	1735.8292565	1967.84631525	9503.97811771428	1249.97692153125	1477.70174827125	251.74209206	7860.599700875	9213.48720025
ATP9A	459.319700922857	191.565757145	463.03712915	2667.79794685714	376.879465383875	461.330069338	46.5996953125	2116.737910375	2510.3726165
GATA3	88.8170950938571	88.0115205025	112.2491908	619.8440919	16.17521708175	33.26111541825	192.2405572625	439.9736744875	145.36225424
ALDH1A1	44.5029316925714	686.381646825	153.30009366	1631.38180104286	98.2676904745	152.124924614	637.4279566	1119.1759253875	148.593296695
BEX2	707.633830271429	2048.345455	1330.78255225	6764.64064885714	500.41604480375	538.49720369325	1617.71176715	6566.04992525	5479.2302425
EREG	157.515769275714	1873.634811	2087.824684775	1984.9098798	322.220442812625	109.6154622425	545.2292518825	1871.6240493	120.95195338475
FHL2	120.829987772857	1208.668264175	422.976730275	949.356349885714	50.6144306185	49.67906419825	1119.966853875	1132.2710140875	179.6343891525
FSTL1	152.3905906	873.1020019	663.4204087875	1759.814099	132.37252877475	125.623399668375	379.070079175	1702.119556375	808.634514375
DPPA4	107.591661602857	398.964512775	219.30795321	1179.3179755	125.2113993325	105.239529745625	231.33198841	1230.748544525	935.878893525
NUDT11	65.5346424971429	468.367997515	450.701578425	931.704036985714	50.397478909125	47.687330564375	204.7970293375	953.9381513375	555.458146775
HMGA2	61.1307257007143	299.5276769375	216.59946729125	1382.88945390714	26.04419716425	41.914337510875	324.62504130625	1032.94213318925	807.053360159125
LRRN1	64.1143799344286	83.312326985	224.306241895	281.655471314286	25.05076116725	45.440280971875	105.81899088625	366.3983334375	253.73980345
ELOVL7	87.1428776745714	576.932764425	245.30949829	1219.35109314286	96.4083930505	81.69786763125	178.6178838325	1098.3300224625	243.4902794625
DLK1	51.6910451614286	387.101971775	318.773045645	1446.04903474286	46.548202263	129.89738819725	283.9833600225	866.2326224125	110.592822085
C9orf125	24.6309610312857	453.14154382	149.7154484475	561.704441407143	35.03443852975	37.78243875475	818.675257175	674.684464665	30.06313927625
MPDZ	39.4270121931429	176.1272349175	57.14625	536.398602842857	33.271167198125	52.101671173625	93.6944348425	498.85403835	102.0516515425
FAM19A2	27.2864535885714	793.851443575	292.644317005	1481.9882089	28.484953930125	74.987490588125	345.6578165175	981.3697666875	52.18896103125
CRHBP	179.798699664286	543.7969605	201.3290384875	3570.88184957143	177.83001022625	373.796568075	238.34185246	2586.3150205	496.66824855
CALN1	64.8947241705714	377.88894965	139.0866727325	1142.48698927143	42.2076647725	91.94246575875	159.17759973	894.4221552125	333.60015835
LIMCH1	37.9015214128571	94.7330431	158.386672895	700.247909328571	17.619500518875	48.148084474125	156.32757582	499.27853985	27.72295759925
NSUN7	26.9046186481429	175.478621435	70.50489306575	552.185493871429	30.152072958125	25.293359544125	111.54648494425	366.901702025	331.019663725
PLAG1	74.4117059205714	177.795801275	134.0616634025	955.131233428571	22.445695631875	74.056723455	630.212686725	791.3887500125	658.0997624
NRIP1	508.912590614286	1613.18752685	906.0777243	10068.0342905714	727.633069325	1054.3676546875	562.28756645	9340.60004775	6474.3897155
ARMCX2	41.1080128715714	63.0438630925	308.706913975	1109.05922645714	67.714357056625	89.5738747225	83.0198173125	657.52375965	491.352205075
TUSC1	156.099269551429	1797.44245125	1110.407002575	2955.26604142857	184.3628537285	248.742368174875	2352.77638625	2738.59624775	1721.3018125
FREM1	50.4637030511429	383.816009975	51.9494207775	163.447378215714	98.970072493125	56.627479307	77.6457605475	257.39020150625	17.64717798725
LRCH2	26.9132478875714	86.912579293	120.051271815	301.7680817	6.2795505275	25.883455638125	40.1912561435	199.8534002875	75.580658925
RGS18	1032.15832887143	712.5327657	262.470730765	303.825514414286	1289.3371386975	1302.6796430975	170.7971216325	611.7879348475	61.43968644325
CLU	342.656377397143	488.57847105	338.548610325	594.723817087143	418.58363822625	357.655659706625	246.419931575	578.62936923	18.327550293
WT1	354.450996544286	156.864071625	81.1596356525	29.8145080935714	343.29932545	378.070013332875	60.2479118725	54.95648650625	8.62823997775
GMPR	613.971813085714	1218.2606811	419.166874075	456.310480428571	607.959808535	311.035690202625	1939.45980415	787.3676125	46.0052333625
ZBTB16	1875.08345164286	2076.029049	871.396323625	1206.68328725714	1689.8573761625	930.5547016125	1326.680865575	2321.330315325	213.6882111375
GAS2L1	315.990930385714	535.595504075	102.810025275	76.9408597014286	198.41955118	171.76967986125	492.8619135925	160.47237916875	21.6812819265
PDLIM1	13259.5728904286	7156.96086125	1981.35848575	2348.34723495714	12690.6851635	11901.93830425	7564.41145375	3309.4247195	797.816101725
MGST1	1573.8237088	1244.4316325	2323.68221975	985.471149085714	3469.958075	2850.5643590125	417.0265098	879.2244847875	241.0005063625
CA2	1009.37057258571	1053.0755721775	202.85247962	456.108273701429	410.793322825	241.10271319	677.687717175	647.6459751375	79.6157044645
MARCH11	81.7151936414286	204.77917431725	392.081978025	52.2681015371429	43.213119015	38.3009307275	72.032733321	47.74384597075	13.93580958325
SVOPL	239.50736226	371.99870219	314.2720577775	234.076394085714	400.751329025	201.51176530125	383.2958401	234.8030403125	62.67464932
C2orf88	189.2884266	760.6843066375	531.6604074	217.967242378571	71.033388416875	83.257409675375	376.6517703875	345.758454995625	37.5409630195
KIF4A	205.92149954	888.596289975	523.106616625	148.405158714286	330.4236955	148.468283695	472.92229795	125.910813775	54.43953355125
SCG5	171.570330082857	161.1680159475	124.0939683325	103.031423391429	92.640723085	70.3495436275	77.7222482225	89.09641626625	11.6307981965
LOC348751	103.826293045714	198.3465785	237.0352063975	128.447094942857	141.6035175875	184.21592989	56.05641893575	99.599411785	16.072809551
CD151	264.372670071429	477.55073955	551.541161175	147.409975877143	191.04848711625	172.86200431375	612.964461225	100.4612084125	46.9155879855
STEAP3	143.961128554286	278.44230055	215.6876960575	47.5007299728571	172.089728375	150.195081055	269.2204569	74.5303885025	21.293264764
ZNF804A	522.881037841429	378.2075295	347.833426925	480.576318871429	573.0716728025	832.263291885	215.86925393	449.1563647875	83.9971236425
CENPV	436.281268814286	1054.759134925	343.05047275	485.529628385714	629.9754228	525.8484614875	1210.367042275	559.0242629	133.560178355
SERPINB11	71.1703316728571	137.35928975	103.8436069125	41.4389141885714	37.078828342125	39.1614208125	82.3051259725	34.005209527375	17.039385711
KRTCAP3	105.567402357143	63.9405607375	129.0068151625	119.110253828571	72.53530844875	68.1922919975	195.7154699175	114.78776190875	21.1929446025
GRB10	2025.40933237143	2111.88729675	1155.483292525	778.609472628571	1456.0345756875	1427.62638096875	2293.01820975	932.1205209625	304.201040725
PLXDC2	263.663565037143	502.4703391	291.20194477	300.1321389	229.6312228625	220.6390182875	264.62950135	344.5371444875	64.213785235
STAT4	502.649409985714	642.63802975	503.9659169	539.245079871429	515.753575	539.4271781125	478.28678045	466.4504558625	129.809982725
PIP5K1B	538.932797714286	1109.554873325	375.406505525	1040.52436778571	868.448729525	688.0121869875	1100.51751015	1023.858984475	214.885187125
