Mixture	AML_blast	CMP	GMP	HSC	LPC	LSC	MEP	MPP	RApos	P-value	Correlation	RMSE
12-00023	0	0.0650546233036568	0.246195115485423	0	0.436293341921496	0	0	0	0.252456919289424	0	0.0928163904105917	1.10588615565395
12-00051	0.0546080874220125	0.0331562916689008	0	0	0.715159622960904	0	0.105909295634644	0.0911667023135385	0	0	0.520939671081455	0.859252131327222
12-00066	0	0.0318281497318914	0.558250468019283	0.0422208867940152	0.367700495454811	0	0	0	0	0	0.227913737134579	1.10274329566529
12-00150	0	0.0208461433571503	0.312498322950644	0.140941210800204	0.525714322892001	0	0	0	0	0	0.232971884203773	1.04427581828148
12-00211	0	0.045802377704832	0.0638005116903852	0.243614207310745	0.646782903294038	0	0	0	0	0	0.332746046532194	0.968874220445141
12-00258	0.00250756839306695	0	0.415510293319384	0.143326401022639	0.43865573726491	0	0	0	0	0	0.153691858700176	1.10019739833661
12-00294	0	0.0510665582280346	0.312106717871162	0	0.458973949672978	0	0	0	0.177852774227825	0	0.427372250058607	0.92236290428984
12-00372	0.0247804473880649	0.0573146701932691	0.518265233942892	0.132767772921501	0	0.266871875554272	0	0	0	0	0.580052386763916	0.823402920488281
12-00423	0	0.0437244504757415	0.714457400353351	0.139812571302701	0.073814493326646	0	0.0281910845415604	0	0	0	0.715617649366587	0.707055872082542
12-00426	0	0.038016819606228	0.53731433441872	0.158970143224054	0.265698702750998	0	0	0	0	0	0.780577370096389	0.629295212767054
13-00007	0	0.00978675607904864	0	0.113729921976018	0.845054820706049	0	0.0165844660665562	0	0.0148440351723285	0	0.587712383428083	0.809391908667699
13-00028	0	0.0509566957433211	0.451944882334041	0	0.497098421922638	0	0	0	0	0	0.691766843713579	0.721821491487941
13-00034	0	0	0.361465630246554	0.11144837519943	0.527085994554016	0	0	0	0	0	0.229302274618129	1.05507898214965
13-00098	0	0.0529260190161858	0.558878352788871	0.100207928806272	0.217505882492785	0.0704818168958862	0	0	0	0	0.647271151380806	0.766125126826999
13-00118	0	0.320445719141174	0	0.316912098346915	0.361064041538006	0	0	0	0.00157814097390582	0	0.21036074565118	1.060369996813
13-00123	0.0780082327439689	0	0.0314632956673596	0.20369062674648	0.664466780855217	0	0	0	0.0223710639869736	0	0.0529168012786272	1.12776373723838
13-00145	0	0.0548771007666555	0	0	0.640433523867074	0	0	0.173686108357462	0.131003267008809	0	0.458847648981676	0.892125814910295
13-00146	0	0	0.302072054181975	0.190481908701952	0.507446037116073	0	0	0	0	0	0.580045882444093	0.813481077644544
13-00147	0	0.0568506614553769	0.0610489877108033	0	0.690675569422145	0	0	0.145750910561214	0.0456738708504609	0	0.384668814558331	0.94357963415222
13-00149	0	0.0364603873602268	0.46497159561589	0.156448496042844	0.28481677131764	0	0.0573027496634002	0	0	0	0.704016003717836	0.70915623842945
13-00150	0.0156834223533946	0.038004606771013	0	0.177126159181269	0.342872464865949	0.0879103465399926	0	0	0.338403000288382	0	0.242926646514887	0.998457619110564
13-00157	0	0.108656493274807	0.18068388752397	0.150228946831961	0.560430672369262	0	0	0	0	0	0.223000188183405	1.04451569238651
13-00160	0	0.147017526046143	0.524369386989007	0.152769309486869	0.147481759737428	0	0.028362017740553	0	0	0	0.513320301321199	0.898625872798527
13-00163	0	0	0.48496795260998	0.0108818576904898	0.50415018969953	0	0	0	0	0	0.297999547973696	1.04319860935609
13-00165	0	0.0680993390081126	0.264683882165435	0	0.434056911959599	0.00755614088396671	0	0.0808962822542049	0.144707443728682	0	0.537243086205391	0.843684313697996
13-00166	0.0723843401298186	0	0	0	0.655632038044861	0	0.038761257774791	0.0501686040272787	0.183053760023251	0	0.499161421152536	0.869086359362056
13-00186	0	0	0.41522359216809	0	0.195845130763084	0	0	0.302480497222171	0.0864507798466551	0	0.340355508256683	0.964283126933212
13-00195	0.0678535923922666	0.0117606134196346	0.0034086472219019	0.28560702975959	0.586142348898714	0	0.00557522677375918	0	0.0396525415341329	0	0.0560781857666791	1.10740405141311
13-00202	0	0	0.477169804415161	0.104895830379893	0.417934365204946	0	0	0	0	0	0.195161718630385	1.09171885540368
13-00204	0	0.00700824027297287	0.367824032441595	0.115327129259113	0.509840598026319	0	0	0	0	0	0.653319224457606	0.755970180549526
13-00226	0	0.0947403952767028	0.510145162118216	0.052619886046491	0.34249455655859	0	0	0	0	0	0.669804608797009	0.745799821559964
13-00232	0	0.0333653716418151	0.621080583827012	0	0.345554044531173	0	0	0	0	0	0.722817119673537	0.693988533592534
13-00245	0	0.0316213644368744	0.346392034338986	0.249752166288937	0.372234434935203	0	0	0	0	0	0.247615595307975	1.02401115599371
13-00250	0	0.349810767214772	0.418033312526095	0.198759159974611	0	0.0333967602845219	0	0	0	0	0.812118176883163	0.587825482559877
13-00253	0.178264189724042	0.00210235097121153	0.0131078198868333	0	0.291652171725482	0	0	0.514873467692431	0	0	0.311050600783167	0.963821822636646
13-00255	0.0419879655986125	0.0778635425789664	0.0594092272523754	0	0.376846430151476	0.149222577180686	0	0.294670257237883	0	0	0.0366353273619991	1.11387815122884
13-00260	0	0.0775489905161907	0.322467816963733	0.130461032367176	0.4695221601529	0	0	0	0	0	0.590380132020172	0.807016046036565
13-00262	0.06858625958748	0.00243629739340959	0.0342084642866136	0	0.578510252821903	0.242049574612598	0	0.0742091512979956	0	0	0.501258102966445	0.876619455465444
13-00266	0	0.0166906442023566	0.163242492617478	0	0.620056318791533	0	0	0.200010544388632	0	0	0.381313068457964	0.944394315926017
13-00270	0	0.0447209806512959	0.516515944800833	0.0901484383023906	0.34861463624548	0	0	0	0	0	0.322605300106852	1.02341873835936
13-00281	0.0152293575196304	0.0164828242262301	0.0496162390396977	0	0.581495467752736	0	0.0277980959244084	0.309378015537297	0	0	0.261264837333173	1.00148734815383
13-00331	0	0	0.292327386303073	0.123287446416805	0.584385167280122	0	0	0	0	0	0.74160568068742	0.680119672993119
13-00338	0	0.0121253839772566	0.606903656166998	0.0769788968133559	0.247903843776305	0.0540070747312889	0	0	0.00208114453479546	0	0.641838765905935	0.773221807140637
13-00342	0.040637789598945	0.119308130149041	0.45868042241977	0.242620990168698	0	0.0407781101319952	0.0979745575315505	0	0	0	0.803480757001385	0.594798969413652
13-00353	0.0019997977922754	0.0202415997819778	0.339517192678883	0.151002685196871	0.487238724549993	0	0	0	0	0	0.283685518056452	1.01442126294852
13-00354	0.0565599183035178	0.0343991643849021	0.233493577357815	0	0.388461808427486	0	0	0.28708553152628	0	0	0.243936665988281	1.01559625760823
13-00365	0.254566117961086	0.0818749881555845	0.261336295724924	0.218040661078408	0.184181937079998	0	0	0	0	0	0.4791132449616	0.900376463363752
13-00384	0.215876671361517	0	0.418598235478021	0.338111916758294	0.027413176402168	0	0	0	0	0	0.495550790183861	0.880949321723141
13-00393	0.00824163543693747	0.0876866803587549	0.569098730698849	0.283880010547218	8.33459014296917e-05	0	0.0510095970568111	0	0	0	0.607071280342135	0.80770282307764
13-00396	0.292557174121351	0.0631670404556505	0.160410751741847	0.315453463031773	0.144369236369612	0	0	0	0.0240423342797667	0	0.273336587643659	1.02206746797092
13-00406	0	0	0.3896696512453	0.0779411211836665	0.532389227571034	0	0	0	0	0	0.151997291389148	1.11092025584072
13-00409	0	0	0.461443725211501	0.0050442455438227	0.533512029244676	0	0	0	0	0	0.184905132683534	1.1162203273569
13-00420	0	0.019887555720504	0.530444929325914	0.105114268671158	0.344553246282425	0	0	0	0	0	0.377966356152021	0.981006069481042
13-00425	0.0398243611423202	0.00158075680208609	0.00706842627328241	0.0647721742211626	0.886754281561149	0	0	0	0	0	0.205116828434948	1.08381956404824
13-00450	0.0825398667609832	0	0	0	0.608078759050474	0.0167521303717849	0.0164137791273587	0.276215464689399	0	0	0.549861624527563	0.834092493009938
13-00454	0	0.00617188243255131	0.208298990642551	0.0593609596774222	0.726168167247476	0	0	0	0	0	0.439633775299702	0.921189439310819
13-00466	0.469574099048652	0	0	0	0.147126587520964	0.0491897808933891	0	0.331630075719522	0.00247945681747299	0	0.322456544709885	0.999365734713763
13-00468	0	0.208507470184185	0.406494509334084	0.18386439980505	0.164789844791543	0	0	0	0.0363437758851375	0	0.297954533425427	1.04555288751757
13-00487	0	0.0204655107085871	0.430706464166647	0.0699430834775059	0.47888494164726	0	0	0	0	0	0.380390120874171	0.971057973879541
13-00493	0.0235848748475949	0	0.183924197493412	0	0.707797386268989	0	0	0.0846935413900048	0	0	0.579195852401855	0.816054657272061
13-00496	0	0	0.499135832261695	0	0.500864167738305	0	0	0	0	0	0.524949035268549	0.874755846681329
13-00500	0.252369660019772	0.032111860122977	0	0.0653291992368988	0.164595985303716	0.0613348318073901	0	0	0.424258463509247	0	0.225759887221389	1.01901444778167
13-00513	0	0	0.433439172346554	0.124604457936927	0.441956369716519	0	0	0	0	0	0.276616278519787	1.03110151847764
13-00515	0.075310495149846	0.0393066473882819	0.49288677221059	0.149358618174491	0.243137467076791	0	0	0	0	0	0.255055937797951	1.06427882297875
13-00522	0	0.12155548128251	0.276280617271882	0	0.394318677002752	0	0	0.207845224442856	0	0	0.35892757566418	0.964628411400389
13-00532	0	0.0240090272371011	0.217253984617704	0.15159785978238	0.590044567956163	0	0.0170945604066525	0	0	0	0.492176719451044	0.875549400673627
13-00544	0	0.039796983474561	0.60649734532857	0.0463188700768137	0.307386801120055	0	0	0	0	0	0.767511877110144	0.639996760412821
13-00545	0.128051118788619	0.0389480910448478	0.00968502141940868	0	0.381680363182044	0	0	0.44163540556508	0	0	0.329726883293197	0.956992776451748
13-00546	0.0280770020493845	0.0481759597297247	0	0	0.44992360413776	0.00659960835902142	0.0245253641065486	0.374289089735902	0.0684093718816594	0	0.417036319892426	0.910518554381308
13-00551	0.0606980048464983	0.04165156381608	0	0	0.697076341561969	0	0	0.115754135701888	0.0848199540735646	0	0.133217081138656	1.09098547262899
13-00552	0.0298854654052074	0.0341613507606938	0	0	0.0222679989997287	0.518724948476221	0	0.147952314592201	0.247007921765948	0	0.163164883052569	1.04547582194342
13-00557	0	0.0895421029605612	0.48845692896218	0.0565234849487233	0.310422703105942	0	0	0	0.0550547800225933	0	0.358662380739005	0.999074834191639
13-00558	0	0.0543506599192647	0.354465854089163	0.0552180481219741	0.535965437869598	0	0	0	0	0	0.309985271814999	1.01573501277809
13-00563	0	0	0.293638626650328	0.203885770706856	0.502475602642816	0	0	0	0	0	0.183383424854854	1.06088480991087
13-00572	0.0596018098132753	0.00828329454938112	0	0.239992288997016	0	0.0118262609729316	0.680296345667396	0	0	0	0.776927712585386	0.734442641546904
13-00573	0.0626923384454523	0.0810660780584749	0	0.170632335477621	0.621554685949571	0	0	0	0.0640545620688808	0	0.0995554783534898	1.09817570970343
13-00578	0.0927579299901994	0.153661145932891	0.00620238003022025	0	0.643746244779231	0.0854563219535754	0	0	0.018175977313883	0	0.412103078039107	0.947818434191845
13-00581	0.000731344485071814	0.0656116245133061	0.611245378514559	0.194505268679593	0.0504759818008326	0.0391955624370407	0.038234839569597	0	0	0	0.684682339096764	0.732850745126743
13-00593	0	0.104111908550726	0.504768342379026	0.167989245267671	0.223130503802576	0	0	0	0	0	0.450005934546055	0.930433339125254
13-00601	0	0.272888858996573	0.348654542565572	0.28683048658964	0.0916261118482146	0	0	0	0	0	0.445748591283978	0.942190343697935
13-00602	0.00428666445195652	0	0.467080628868454	0.0249704223432466	0.503662284336342	0	0	0	0	0	0.49478685159625	0.894005253276645
13-00615	0	0.0298994211446654	0.254105169186962	0	0.683070927980796	0	0	0	0.0329244816875767	0	0.436963505832954	0.926504840040711
13-00619	0.027128371404748	0	0	0	0.535202708906466	0.38980788240254	0	0.0452867568774853	0.00257428040876003	0	0.558622347899596	0.836632210655293
13-00625	0	0.0167164287378703	0.631864408547457	0.0180969555654187	0.0831082093446513	0.129911591493982	0	0	0.120302406310621	0	0.504561120547363	0.896681976752223
13-00650	0	0	0.164858008450232	0.0358568165452846	0.760845003914909	0	0	0	0.0384401710895748	0	0.642251930418772	0.765334970164371
13-00655	0	0.20712517171473	0	0.200097057992657	0.548145095096594	0	0	0	0.0446326751960189	0	0.0733104572042761	1.11455210517455
13-00658	0	0.214414245852897	0.310754106001899	0.14750307560531	0.327328572539894	0	0	0	0	0	0.407857381127429	0.957341846114935
13-00659	0	0	0.651681548593718	0.0905005360897914	0.257817915316491	0	0	0	0	0	0.272301167238436	1.08010758351563
13-00660	0.14625156697402	0.143978089910564	0.0677855352825808	0	0.107148057656929	0.0335546392393126	0	0.0580893155042362	0.443192795432358	0	0.187931911300461	1.04600786095739
14-00001	0	0.0559481359184244	0.395458247341183	0.0886672449070276	0.459926371833365	0	0	0	0	0	0.538294274393698	0.851636724092978
14-00012	0.060112316171691	0.0265485158217287	0.0238785154792907	0.255811768332594	0.59945229694438	0	0	0	0.0341965872503163	0	0.0441563135110793	1.11710225518573
14-00015	0.0184475156139194	0	0.100045425426372	0.0593353528318721	0.822171706127836	0	0	0	0	0	0.22689417784929	1.06452573660962
14-00021	0	0.0238426749108657	0.337464920437383	0	0.319390982326336	0	0	0.319301422325415	0	0	0.148266015519515	1.06775357631285
14-00023	0.286947432805906	0.0911714240640152	0.0608860672835214	0.387035330837233	0.165628893664677	0	0	0	0.00833085134464801	0	0.125241365005891	1.09814066778421
14-00026	0.163875284799373	0.00239075444385948	0	0	0.348464136729159	0.0200076660980601	0	0.414127417859883	0.0511347400696651	0	0.388730801723953	0.925893821402294
14-00034	0	0.136566271492714	0.545787757387934	0.208036047403118	0.0248316466860397	0.0495715819049925	0.0230847480333486	0	0.0121219470918532	0	0.854933975348189	0.524701834310953
14-00041	0.128221633889019	0.488846701894197	0.068126681660203	0.309163188120786	0	0	0	0	0.00564179443579501	0	0.787769554611529	0.634027971131652
14-00044	0.00642696523669589	0	0.0492558400021153	0.0781572816558996	0.866159913105289	0	0	0	0	0	0.66266056863136	0.747717150847195
14-00045	0	0.00222092335901182	0.179642578617894	0	0.522056056326489	0.0154790320340454	0.00618376738421975	0	0.274417642278339	0	0.47198294463975	0.885650823882385
14-00053	0.0187271065103419	0.127694680434736	0	0	0.398341841561274	0	0	0.41098998798592	0.0442463835077277	0	0.173994093933941	1.03155108015996
14-00060	0	0.00778530866570469	0.15246438625798	0	0.393147583103468	0	0	0.446602721972847	0	0	0.210814702116811	1.01349865575036
14-00061	0	0.07885221789128	0	0.0470093672844572	0.543507170442203	0	0	0	0.33063124438206	0	0.203495849236529	1.02909027019021
14-00063	0.00394615071121169	0.0647933882586362	0.504150394480965	0.100922681406381	0.0715430269911149	0.105359277424179	0	0	0.149285080727512	0	0.539000459319597	0.851822927532615
14-00064	0.0687339920204484	0.251586230379023	0.18966739679772	0.365985792160781	0	0.00349228721790193	0.120534301424125	0	0	0	0.816438808271633	0.57729681816738
14-00078	0	0.097677093129401	0.295393592856547	0.0303269914310987	0.444284942462099	0	0	0	0.132317380120853	0	0.328874252494992	0.988867162929799
14-00081	0	0.0563826120977974	0.530026199107046	0.178245032044047	0.233946627379939	0	0.00139952937117122	0	0	0	0.586944275327155	0.816056981238416
14-00083	0	0.016533006179512	0.387535410073278	0.149374898592573	0.446556685154637	0	0	0	0	0	0.54767393041305	0.839660801669003
14-00092	0	0.41504075131317	0	0.255617279493736	0.286659548551955	0	0	0	0.0426824206411391	0	0.393799812093134	0.974212186971296
14-00096	0.233212246619109	0.0964108398250047	0	0.253365520371133	0.28689021726502	0	0.0761489558143749	0	0.053972220105358	0	0.397148566009665	0.945472644542998
14-00113	0.0765122112306891	0.0871204050369531	0.0490423828363985	0	0	0.726108057636596	0	0.061216943259363	0	0	0.147814926528603	1.09931327792128
14-00125	0	0.00189097792812888	0.369549023053505	0.0173777530298945	0.605236391081362	0	0	0	0.00594585490710944	0	0.422863035700538	0.942013802874563
14-00126	0	0.00200944114733987	0.538968461411932	0.00991746136244879	0.449104636078279	0	0	0	0	0	0.3355671055988	1.02519362401606
14-00127	0	0.0133400390915238	0.245980374610356	0	0.588749127967974	0	0	0	0.151930458330146	0	0.402799681123158	0.937963247420741
14-00135	0	0.00831186257424409	0.536946546860403	0.18011465982112	0.260125888335678	0	0	0	0.0145010424085554	0	0.425005860520917	0.937627461885741
14-00141	0	0	0.284655368197958	0.0678993726595748	0.647445259142468	0	0	0	0	0	0.708599620895127	0.706868246060468
14-00152	0	0.0152078056870963	0.601999078048168	0.126454524249231	0.256338592015505	0	0	0	0	0	0.407713957398281	0.968104382226677
14-00175	0.532940399618344	0.0226436559484253	0	0.0229791131650659	0.309426895098324	0.0927027665375263	0	0.00289284089423553	0.0164143287380783	0	0.138445297256457	1.18602959796039
14-00184	0.097172031340743	0	0	0.191598430685486	0.54763606796947	0	0	0	0.163593470004301	0	0.34357577394536	0.957004779089493
14-00193	0	0.00595489163464071	0.651955187004135	0.091285108891116	0.162676853932151	0.0619225385077501	0	0	0.0262054200302079	0	0.632525626829846	0.783806206849001
14-00228	0.000644148906420498	0.157019597882487	0	0.227863846223911	0.602799537385558	0	0	0	0.0116728696016235	0	0.139649674855932	1.07546396061179
14-00231	0.127248008119733	0	0	0.116049419804666	0.693974563373716	0	0	0	0.0627280087018848	0	0.166741689936964	1.07863784928965
14-00259	0.0121539893244704	0.0245651419181123	0.363978763758642	0.213974580519028	0.385327524479747	0	0	0	0	0	0.122616815478157	1.10080391824321
14-00279	0	0.0278959545503117	0.408344521215637	0.127747976220215	0.436011548013836	0	0	0	0	0	0.405076543404979	0.945194915180662
14-00289	0.167848832493574	0.16789131424288	0.129636164600182	0.00455196345475141	0.436352088614075	0	0.0937196365945375	0	0	0	0.326815289988238	1.05315449410546
14-00331	0	0.0563997969220427	0.285681032265411	0.123017553052681	0.534901617759865	0	0	0	0	0	0.309875624142719	0.999842469472558
14-00355	0.385762323222819	0.0123742964722438	0.0850490091685972	0.189377830955678	0.3019766028924	0	0	0	0.0254599372882614	0	0.209800316805597	1.07387195123442
14-00359	0	0.00759817029213814	0.577031799223807	0.0967612155538643	0.31860881493019	0	0	0	0	0	0.418333081053016	0.958143059865221
14-00376	0	0	0.558915347411882	0.122236130979134	0.318848521608984	0	0	0	0	0	0.535763510295818	0.86021652126977
14-00380	0.105818043364393	0.157235654592034	0.165323184884712	0.440961953794461	0.123904262867831	0	0	0	0.00675690049656864	0	0.379669661447035	0.944172275746166
14-00423	0	0.00399230610967123	0.313520811575954	0.139355794519388	0.543131087794987	0	0	0	0	0	0.386769075526721	0.949364773861749
14-00425	0	0.0337636072763009	0.391121021135666	0.00237999590667483	0.567052886162616	0	0.00568248951874208	0	0	0	0.671716602801481	0.740251345286601
14-00434	0.0358223293152775	0.0150219496000509	0.0165769656990204	0.200710172169233	0.701661513461576	0	0	0	0.0302070697548422	0	0.0849625704433313	1.11196491377165
14-00447	0	0.059326707696938	0	0.125558402828731	0.802882000440864	0	0	0	0.0122328890334669	0	0.197857833977504	1.06619882215079
14-00448	0	0.00473342260322822	0.367926096391869	0	0.255139307805704	0.023538630901062	0	0.348662542298136	0	0	0.468287534885096	0.886437720497897
14-00454	0	0.0163281665587114	0.195063367850291	0.195475047052206	0.593133418538791	0	0	0	0	0	0.615821724869673	0.787470252571134
14-00458	0	0.380910157203463	0.217288113930176	0.23338171605413	0.16842001281223	0	0	0	0	0	0.479161201982066	0.931733718923862
14-00464	0	0.00316821745883338	0.273029979402046	0.169569225878192	0.554232577260928	0	0	0	0	0	0.270093284888225	1.01587936815752
14-00473	0.0698750159071143	0.255072549269063	0	0.274539324861485	0.352678086943547	0	0	0	0.0478350230187897	0	0.189014646873089	1.06479471687773
14-00476	0	0.162386926217629	0.42772708921292	0.168692969145682	0.241193015423769	0	0	0	0	0	0.58910886400063	0.816387111635081
14-00488	0	0.0292573673097657	0.406825118652575	0.00460167671522164	0.145707508055345	0.175835780802008	0.0156247324489861	0	0.222147816016098	0	0.601547474228695	0.798375024078613
14-00495	0.131469657760825	0	0	0	0.749536238518621	0	0	0.0228530802060156	0.0961410235145392	0	0.561022816715921	0.830331533566322
14-00496	0.265521225853478	0.419268349416897	0	0.139457113161275	0	0.097189074236275	0.00623886087663292	0	0.0723253764554427	0	0.83307679505155	0.564766284145452
14-00504	0.0469160447934528	0	0	0.160859762358034	0.770686412566224	0	0	0	0.0215377802822891	0	0.117301260779706	1.10896891858978
14-00514	0	0.0120853289300908	0.426434188741966	0	0.403758628969014	0	0	0.157721853358929	0	0	0.2775389283509	1.02606238418881
14-00528	0.0452615733791508	0	0	0.187464186147945	0.702338324102722	0	0	0	0.0649359163701826	0	0.309676682651642	0.987796695277123
14-00542	0	0.109445001611163	0.0332704077076326	0	0.433352669258779	0	0.265317134637756	0.158614786784669	0	0	0.639359294320221	0.771490605923606
14-00546	0	0.100934165199403	0.115324670336778	0.185328912436706	0.598412252027113	0	0	0	0	0	0.487978280129293	0.876240019535539
14-00559	0.0352411317630774	0.0157538653290324	0.283353686992734	0.293178578457565	0.372472737457591	0	0	0	0	0	0.125514560770961	1.07857801235618
14-00564	0	0	0.440667741324162	0.0695190378230331	0.489813220852805	0	0	0	0	0	0.443858403344824	0.925543654924911
14-00567	0	0	0.212744682894627	0.128929975690038	0.658325341415335	0	0	0	0	0	0.61209172557143	0.789562181063746
14-00578	0	0.00885093542918637	0.245616463709382	0.0360993628986715	0.625789787252259	0	0	0	0.083643450710501	0	0.268713702593502	1.02543416905154
14-00581	0.0220238102727473	0.0352846795805255	0.426755489951366	0.00329593040689474	0.332317934542728	0	0	0.180322155245738	0	0	0.34268104188445	0.984914054358039
14-00588	0.16673615290108	0.384996384646001	0	0.266016139915945	0	0	0.126220442696897	0	0.0560308798400771	0	0.839663764337167	0.555377185913948
14-00597	0.320296661870792	0.0458367816033773	0.377744792412271	0.214724698476483	0.0194665727301104	0	0	0	0.0219304929069669	0	0.315330240162428	1.04210516607841
14-00599	0.0626522371737119	0.243403792279082	0.154148496278329	0.284583049610106	0	0.0575384142885047	0.0271704970687875	0	0.170503513301478	0	0.61659336512577	0.786540722444595
14-00602	0	0.0294941356052429	0.532984410378235	0.175466701243672	0.26205475277285	0	0	0	0	0	0.69168425673404	0.721065316589517
14-00608	0	0.000295179702454644	0.600081939228668	0.125531491785766	0.274091389283112	0	0	0	0	0	0.403404947102946	0.968963900030095
14-00613	0	0	0.316291372527428	0.100693817768764	0.583014809703808	0	0	0	0	0	0.637504682387733	0.769214466138382
14-00618	0	0.0411935157296668	0.624140117181514	0.0536968943623728	0.280969472726446	0	0	0	0	0	0.724547630851145	0.690616175150741
14-00632	0	0.0517373480561565	0.579116920934704	0.14224383168766	0.190302815483637	0	0.0102270870868684	0	0.0263719967509743	0	0.477422068541537	0.913588908448345
14-00643	0	0	0.278501090980642	0.167597367232573	0.553901541786785	0	0	0	0	0	0.300581970539053	0.998331117608519
14-00658	0	0.056392198678031	0.467342112593636	0.00141764116974309	0.442251975526599	0	0	0	0.0325960720319914	0	0.605292944195205	0.803379018019505
14-00667	0.151856898267434	0.0343562031361805	0.263092313089619	0.12290674451989	0.139870584013524	0.0116844086862265	0	0	0.276232848287126	0	0.186164000571061	1.05082247764236
14-00670	0	0.0244722836795295	0.53444175083761	0.1135900765281	0.32749588895476	0	0	0	0	0	0.418910649390602	0.95128509464269
14-00672	0	0.0468995524901777	0.466054107454289	0.198592199886863	0.0669014487247519	0	0.221552691443918	0	0	0	0.786377820502817	0.617766663791917
14-00676	0.191072490122878	0.151864336928321	0.0929387775348821	0.322546784292397	0	0	0.241577611121522	0	0	0	0.513960747760154	0.927789676557714
14-00681	0.0624601201630662	0.0941883401624675	0.242727547296067	0.22295779794541	0.275841503176971	0	0.0618807366597023	0	0.0399439545963161	0	0.656180262175778	0.754323011409195
14-00690	0	0.253150011199236	0.22498803320036	0.268675246428829	0.253186709171575	0	0	0	0	0	0.154778490277671	1.10811704873038
14-00712	0	0.101819667998456	0.519421770430573	0.205088847760361	0.160674071664374	0	0.0129956421462356	0	0	0	0.576032152579999	0.828887044981479
14-00714	0.0117046833358988	0	0.0759023918574168	0	0.53622605384302	0.0385123213017553	0	0.12938975587246	0.208264793789448	0	0.353609723746047	0.952923897495914
14-00725	0.0236954772041112	0.106345612751799	0.0995305875240362	0.283721954806647	0.0937332208104604	0	0.392973146902945	0	0	0	0.658974815010428	0.784414812978901
14-00730	0	0.0404890920265087	0.67906171566692	0.075883331311902	0.20456586099467	0	0	0	0	0	0.804606385748542	0.592814993613668
14-00735	0	0.0451810152767564	0.263398195113222	0.142795245609416	0.355580049842965	0.193045494157641	0	0	0	0	0.512230437645913	0.862302926984017
14-00739	0	0	0.428895679089254	0	0.501752907399203	0	0	0.0660763038727809	0.00327510963876125	0	0.372456396548998	0.975791994351213
14-00742	0	0.112414421008315	0.454552958035112	0.231884482303738	0.201148138652835	0	0	0	0	0	0.361934133811555	0.982163792148013
14-00757	0	0	0.423417344180963	0.128457246090217	0.44812540972882	0	0	0	0	0	0.257337912842897	1.04139114210393
14-00761	0	0.02373514536118	0.427785162957151	0.119068404182363	0.429411287499306	0	0	0	0	0	0.242680653048875	1.05443055558292
14-00774	0.160402002007976	0.00645110603350592	0.0642725787220777	0	0.0156950690713928	0.166705412960021	0.0562597436006244	0	0.530214087604401	0	0.552443342136821	0.834584405744727
14-00780	0.0978950356027767	0.375845177931105	0.0687287675981138	0.415021982688382	0	0	0.0214516226763329	0	0.0210574135032892	0	0.761235562560817	0.648199966585833
14-00781	0	0	0.480292814486949	0	0.519707185513051	0	0	0	0	0	0.230766312383984	1.09024652667598
14-00787	0.0101459296166489	0.0232770018579897	0.538125290617742	0.0676098252693775	0.285796733280761	0	0.0750452193574806	0	0	0	0.823846149802526	0.569169600131524
14-00798	0	0	0.485547659540799	0.111808954566236	0.402643385892965	0	0	0	0	0	0.206923384989196	1.08457273376249
14-00815	0	0.192584325580677	0.386751854903522	0.318622268470237	0	0	0.102041551045563	0	0	0	0.656701059062977	0.762943959067392
14-00817	0	0	0.524246184059501	0.0205369582357161	0.417989839165729	0	0	0	0.037227018539054	0	0.504296002415605	0.888498789806695
14-00831	0	0.0306678334301346	0.752634760562848	0.137780120487812	0.074181825943737	0	0.00473545957546876	0	0	0	0.796368276512459	0.605112631631213
14-00832	0	0	0.419795139586687	0	0.510833931787593	0	0	0.0693709286257202	0	0	0.200203738843383	1.08749759027537
14-00901	0.0890302621548358	0.00314922569109316	0	0	0.103651283394911	0.00900509493945253	0.0359706140204421	0	0.759193519799265	0	0.482176366000829	0.879098644985797
15-00014	0.0354854249244171	0.00110559868914083	0.00768591957220244	0.233525838527822	0.691910134384713	0	0	0	0.0302870839017046	0	0.101066301890168	1.10057650364912
15-00018	0.229431955618752	0.0621057127570605	0	0	0.5016365615571	0	0	0	0.206825770067088	0	0.0368069678019821	1.15288433431713
15-00024	0	0.0296199394817651	0.456825507002735	0	0.5135545535155	0	0	0	0	0	0.492565109042395	0.899163929126191
15-00029	0	0.236148495777255	0.299582130382636	0.156809939636042	0.307459434204068	0	0	0	0	0	0.281043233747059	1.0496329468074
15-00043	0	0.0257577897158994	0.520049336675934	0.106539970684906	0.347652902923261	0	0	0	0	0	0.171275957543512	1.11819073667507
15-00045	0	0.0442789380796368	0.454666582928129	0.108323703204305	0.39273077578793	0	0	0	0	0	0.301194578402904	1.02482665313542
15-00051	0	0.0118624388988778	0.384580196869715	0.114929946247564	0.488627417983843	0	0	0	0	0	0.60054447145657	0.799590338920847
15-00057	0.298438154485457	0.202664150242076	0.0407588266509661	0.354885495436808	0	0	0	0	0.103253373184693	0	0.604794363929241	0.800185643870509
15-00073	0.155123063135926	0.245009322749525	0	0.241374896889488	0.0491440324015943	0	0	0	0.309348684823467	0	0.640820998075724	0.767057761458261
15-00075	0.10832049242209	0.233484116897703	0.009112828272206	0.23815023921409	0	0.0634240026327279	0.125809969214555	0	0.221698351346628	0	0.722820886253385	0.690051870192761
15-00081	0	0.116263206836423	0.590090105865742	0.149764461230751	0.143882226067084	0	0	0	0	0	0.376470769801186	1.00978564591485
15-00084	0	0.0290804712853888	0.207066556301447	0.130412037332907	0.633440935080257	0	0	0	0	0	0.237213400835756	1.03902427808471
15-00123	0	0.0802534331020065	0.312024664297299	0.0893678164924775	0.515153114080264	0	0	0	0.00320097202795213	0	0.37573305834173	0.96482052038392
15-00140	0.0855209417719665	0.240724141564728	0.358951511612254	0.250160165164374	0	0.0530115125499058	0	0	0.0116317273367716	0	0.623090409779609	0.795194126430907
15-00147	0.106222830619928	0.150778540963499	0.278075222532692	0.205200390638411	0.143636630350963	0.0312115822779048	0.0801654936174719	0	0.00470930899912972	0	0.829313490825897	0.566250057804837
15-00169	0	0.0140619770200842	0.658526885663459	0.192965827376017	0.0707887113533018	0	0.0636565985871381	0	0	0	0.571297011960396	0.846467870923931
15-00171	0.0997298636383482	0.0012005657718748	0	0	0.271273460297658	0	0	0.0863576409474853	0.541438469344634	0	0.447797781148609	0.89578469461177
15-00175	0.0134160210310756	0.017094606808859	0	0	0.541935581944983	0	0.0139940447498156	0.331120588846874	0.082439156618393	0	0.4423762288307	0.898503400181204
15-00194	0.0850829646813076	0.0197629524465106	0	0.0636582541635917	0.272389521055676	0.157628130777676	0	0	0.401478176875238	0	0.447048188115478	0.896065215954623
15-00201	0.292083991181761	0.0951459637853534	0.023379359897539	0.372915712841549	0	0	0.187777692873344	0	0.028697279420453	0	0.792288023155437	0.610026428509973
15-00229	0	0.071849335885041	0.304542141755536	0.0138580497673814	0.609750472592042	0	0	0	0	0	0.611218519402727	0.793379179474128
15-00231	0	0	0.534864799301176	0.0659355448712684	0.399199655827556	0	0	0	0	0	0.42403267117485	0.950657444965493
15-00237	0	0.103229371628426	0.0941549554585805	0.0792305457416252	0.379673691226196	0.337841889373288	0	0	0.00586954657188404	0	0.271049720739496	1.02140985871245
15-00246	0	0.163115812440081	0.169304566343088	0.268134422531137	0.055971110079811	0.00605655353671532	0.337417535069167	0	0	0	0.821809399475604	0.57515410848749
15-00248	0	0.0918601708128287	0.392312570099485	0.173436313217469	0.306459240098664	0	0.0359317057715534	0	0	0	0.58748240853497	0.811776892246949
15-00261	0.0710764939451302	0.0833718778368387	0.103122730761984	0.146646348381285	0.268279490823178	0	0	0	0.327503058251585	0	0.100953129246953	1.06922331911567
15-00269	0	0.0611856429841228	0.642124162313966	0.150486710943994	0.146203483757918	0	0	0	0	0	0.691468126746332	0.726180858162385
15-00275	0.11916549196693	0.126948305105029	0.46788682403351	0.19217252927644	0	0.0938268496180912	0	0	0	0	0.534667940352838	0.87349037115693
15-00276	0	0.0526562750569087	0.216137780084085	0.0612280220727164	0.669977922786289	0	0	0	0	0	0.384736821390655	0.957303099988939
15-00279	0.0410154554848232	0.0977786162288528	0.0199018004228809	0.23555932551638	0.572560516167194	0	0	0	0.0331842861798692	0	0.036117960312468	1.12172275999728
15-00287	0.0332985711288075	0	0.0531859731858391	0	0.661238081792463	0	0.0312270383957913	0.221050335497099	0	0	0.499165180513393	0.868437749010678
15-00296	0	0.130058979520752	0.0654063979812926	0.335977876472964	0.468556746024991	0	0	0	0	0	0.0468073519926123	1.10509413056214
15-00300	0	0.12720042612372	0.594145990315989	0.223435346071851	0.00660843239141285	0	0.0486098050970268	0	0	0	0.593915315566529	0.833401192167052
15-00302	0.0392177273677026	0.043747996988787	0.276611802307229	0.0164255916713286	0.623996881664953	0	0	0	0	0	0.348619140472611	0.991513167306588
15-00303	0.0735963337903764	0.0530098835245723	0.488283735917656	0.0393829800489734	0.345727066718422	0	0	0	0	0	0.297022501277291	1.05430891855593
15-00312	0	0.457910683246288	0.0848124990789836	0.375002540418187	0.0151916711840026	0.0144109958787765	0.0526716101937626	0	0	0	0.798964869939206	0.60461348338603
15-00320	0	0.0341614928971045	0.351679215955122	0.163170513794868	0.450988777352906	0	0	0	0	0	0.47042028886604	0.893518630652011
15-00331	0	0.0204111858017592	0.464936663299631	0.137902748546149	0.376749402352461	0	0	0	0	0	0.256563695666249	1.04796579112254
15-00338	0	0	0.681260818148611	0	0.297379405324415	0.0213597765269737	0	0	0	0	0.743756480615126	0.671155256329499
15-00351	0.0435319422317792	0.033474467117139	0	0	0.459731806680934	0	0	0	0.463261783970148	0	0.228115937638157	1.01351937530413
15-00353	0.333064101488459	0.533113977784394	0	0.1023042088118	0	0	0	0	0.0315177119153475	0	0.795924250498954	0.703105515724695
15-00371	0	0.0809480712167383	0.655580661334745	0.0755258714373698	0.187945396011147	0	0	0	0	0	0.615329867436163	0.812941590811975
15-00377	0	0.0389612911171158	0.459711511465325	0.0350352122254391	0.46629198519212	0	0	0	0	0	0.649972946848856	0.76120754725346
15-00383	0	0.0686184602487764	0.451488214395409	0	0.351327579434987	0	0	0.128565745920828	0	0	0.42330950019912	0.940949589880665
15-00395	0.137881490091974	0.00198665575640255	0.0742155074519217	0	0.193434516177741	0.01669475621826	0	0	0.575787074303701	0	0.135321212731827	1.05215925761527
15-00417	0	0.0497685703812684	0.578725075658553	0.135732971404425	0.235773382555753	0	0	0	0	0	0.564071765667812	0.841943729746623
15-00464	0	0.166002546672095	0.485735803448824	0.134115442500539	0.0405947355096435	0.0240322856217031	0	0	0.149519186247195	0	0.554818376627367	0.848775078789916
15-00470	0	0.0508837943325745	0.481999932202069	0.192290342551191	0.274825930914165	0	0	0	0	0	0.694898409663751	0.718506197962793
15-00471	0	0.0290006157942052	0.466717363911569	0	0.475398873933223	0	0.0288831463610021	0	0	0	0.708823664453045	0.704628423585359
15-00479	0.0511373011011164	0.000975940368151003	0	0.188142994169112	0.682153716302673	0	0	0	0.077590048058948	0	0.279202465932976	1.00339602434747
15-00482	0	0.207525496452791	0.215344940874898	0.0519776270550617	0.439105109102703	0.0860468265145474	0	0	0	0	0.216688251620335	1.08332172595779
15-00491	0.231938011691502	0.15572167791387	0.00161494473689707	0.330583249598484	0.0676466561966697	0	0.0342940672916635	0	0.178201392570913	0	0.266123368242299	1.02221541782697
15-00525	0	0	0.380735798590917	0	0.619264201409083	0	0	0	0	0	0.636237340457502	0.772788712642625
15-00534	0	0.00671823350440082	0.351287811751223	0.165643157979611	0.476350796764765	0	0	0	0	0	0.572710365305252	0.819556198937288
15-00539	0.0184977464707803	0.00346436411265748	0	0.289758708606564	0.342559117549449	0.259938117996148	0	0	0.0857819452644015	0	0.174749374956362	1.0447992948882
15-00556	0	0.0262009126448061	0.234679774680728	0	0.722191980235913	0	0	0.0169273324385532	0	0	0.542731724841275	0.848259412398174
15-00559	0.135509825219098	0.0557921697857402	0.258291704719388	0.193114833845495	0.357291466430279	0	0	0	0	0	0.311123844307953	0.997477107817782
15-00563	0.0378064539636557	0.00815136046932193	0	0.224913968689679	0.649551026788204	0	0	0	0.0795771900891392	0	0.0713092693873251	1.10793874355271
15-00572	0	0	0.301081373106065	0	0.502897617980869	0	0	0	0.196021008913066	0	0.459226761930919	0.898989149301869
15-00578	0.0475814032755336	0	0	0.19972107974587	0.707470361022052	0	0	0	0.0452271559565441	0	0.197635864348824	1.05244438540444
15-00593	0	0.0571941564387439	0.170967942742877	0	0.670492348646496	0	0	0.101345552171883	0	0	0.302132594785157	1.00431648263497
15-00595	0.0485325640431214	0.252698827410009	0.0978336259101294	0.315524671792157	0.0254733632377139	0.0369655296123516	0.0821962893380816	0	0.140775128656435	0	0.730724737027666	0.683570425398326
15-00608	0.157920946184651	0.189958905378935	0	0.502834064059531	0	0	0.110361207628599	0	0.0389248767482838	0	0.74057516326648	0.673944402793967
15-00610	0	0	0.527131697991044	0.0624022447360778	0.410466057272878	0	0	0	0	0	0.455249693543185	0.926342309498154
15-00614	0	0.496313900572556	0	0.114415216144951	0.257236993955552	0	0	0	0.13203388932694	0	0.723698590696294	0.696249058847751
15-00615	0	0	0.492601969505936	0	0.507398030494064	0	0	0	0	0	0.41881100150943	0.958576606400392
15-00616	0	0.0586142321022731	0.132640955320486	0	0.288669724680787	0	0	0.520075087896454	0	0	0.241186622308303	0.993676480552934
15-00626	0	0	0.448750336910902	0	0.382309318118009	0	0	0.168940344971089	0	0	0.701632431976339	0.713952171888018
15-00633	0.157733899746261	0	0.00597726645830783	0.278155493772448	0.50598322334134	0	0	0	0.052150116681643	0	0.049915607562488	1.11039014331862
15-00650	0.0650473719875293	0.00330835674989227	0.300482593657483	0.328778681365926	0.30238299623917	0	0	0	0	0	0.269204211267894	1.00108089415999
15-00653	0	0	0.427800077849092	0	0.444635444350648	0	0	0.12756447780026	0	0	0.505788243504863	0.873792088573057
15-00670	0	0	0.162605084667149	0	0.741280667756969	0	0	0.0961142475758826	0	0	0.619329371181252	0.784125045810138
15-00674	0	0.0124334984711404	0.463404887414921	0	0.460286868650603	0	0	0.0638747454633355	0	0	0.264236652854538	1.0544749378895
15-00680	0	0.0790776055401256	0.296447459267697	0.0984932958377573	0.52598163935442	0	0	0	0	0	0.199161567164991	1.07388092609183
15-00683	0	0.0173250022203594	0.616623657489902	0.227427049415044	0.138624290874695	0	0	0	0	0	0.567651528418106	0.834861930311381
15-00688	0	0.0926851516773561	0.557217406774146	0.100514640131712	0.249582801416786	0	0	0	0	0	0.592270875789418	0.821607985956223
15-00692	0.075764619337993	0.0160546578628307	0.420023112830264	0.248453676457879	0	0.0918695774342573	0.147834356076776	0	0	0	0.809378816079015	0.592541942005557
15-00693	0.162061547531543	0.00468644181000011	0	0.068050312972748	0.693619138395382	0	0	0	0.0715825592903275	0	0.129180234552654	1.10781333566833
15-00701	0	0	0.479770075766615	0	0.50105970384938	0	0	0	0.019170220384005	0	0.34770752038014	1.00667839658816
15-00702	0	0	0.452729544123457	0	0.511417000811616	0	0	0	0.0358534550649264	0	0.484201461323198	0.900474140084487
15-00717	0.122927722504332	0.0672586633879821	0.0186086614950156	0.277063983042081	0.479203407591408	0	0	0	0.0349375619791816	0	0.0351472761851402	1.11816953936458
15-00724	0	0.0855207128146747	0.370685981968947	0.216118842696023	0.189616256505259	0	0.138058206015097	0	0	0	0.726237556964247	0.686415487459823
15-00734	0	0.0241620225311092	0.388450522897984	0.153617545292099	0.433769909278807	0	0	0	0	0	0.231876412699006	1.05039631357072
15-00755	0	0.0871495544322334	0	0	0.71033718200413	0	0.00139137292147234	0	0.201121890642164	0	0.430833134309339	0.915479827843788
15-00756	0	0.0166797033609336	0.289852513949902	0.144762966632062	0.548704816057103	0	0	0	0	0	0.426828312954163	0.921666919191246
15-00763	0	0	0.143880341723193	0.114848523567894	0.741271134708913	0	0	0	0	0	0.657333619320479	0.753009911649927
15-00766	0	0.0216090593577474	0.33225233168706	0.305803738929948	0.340334870025245	0	0	0	0	0	0.191659350908181	1.04620713790208
15-00767	0	0.0443455562035043	0.640951059505474	0.269845932099879	0.0413165497567486	0	0.00354090243439332	0	0	0	0.625343333884548	0.787314789457556
15-00777	0.0421268958653134	0	0.363518955417839	0	0.594354148716848	0	0	0	0	0	0.198468031705464	1.09843737138288
15-00778	0	0.136328573523336	0.347486711961431	0.270224219614636	0.245960494900598	0	0	0	0	0	0.474452903477833	0.891831472402203
15-00782	0.0768252811657952	0.306902098279369	0.116292401706227	0.350820960056344	0	0.0388319151260417	0.0899073262942107	0	0.020420017372013	0	0.813329830108135	0.581745479850374
15-00786	0.0783440754958084	0	0.514776922226303	0.183883548610325	0.194808804453442	0.0281866492141213	0	0	0	0	0.745795584247634	0.66793459817766
15-00807	0	0.00564550755335688	0.415444526378221	0.0449243076514668	0.533985658416955	0	0	0	0	0	0.451878489841746	0.92079513097687
15-00811	0.230452080296324	0.348917078593585	0	0.28956262383635	0	0.0666358504897765	0	0	0.0644323667839646	0	0.688868491710175	0.733088318926118
15-00813	0	0.0429590741435952	0.264156155238609	0.177906020373336	0.510357477104476	0	0	0	0.00462127313998376	0	0.372945032810474	0.951929968622678
15-00819	0	0	0.509335186096965	0	0.490664813903035	0	0	0	0	0	0.493752531532363	0.901427323484044
15-00821	0.0689371005235657	0.26647809844847	0.300071549212589	0.275020570940928	0	0.0770330035753875	0	0	0.0124596772990605	0	0.651763128661681	0.763629464937944
15-00829	0	0	0.578388910281113	0	0.396126322779028	0	0	0.0254847669398591	0	0	0.396332160762564	0.983894177725652
15-00837	0	0	0.434445635392554	0.0898277283341515	0.475726636273295	0	0	0	0	0	0.589810954149012	0.810235796830208
15-00839	0	0.0654169731724344	0.532875136182369	0.114148069209242	0.287559821435955	0	0	0	0	0	0.39355701006988	0.975903098508584
15-00850	0	0.0264251942968134	0.239124298428175	0.0785296195949749	0.655920887680037	0	0	0	0	0	0.380417961681297	0.958591194312917
15-00855	0	0.00147174356588881	0.524234113182914	0.0988481119341186	0.375446031317078	0	0	0	0	0	0.563797068467398	0.835827843716939
15-00858	0	0.00566996344464583	0.455960080860702	0	0.538369955694652	0	0	0	0	0	0.627032660610847	0.783154199452929
15-00864	0.284851596525782	0.138077288328095	0	0.294350950057252	0	0.0758875005906462	0.137475161186947	0	0.0693575033112776	0	0.70822168869616	0.706866300698736
15-00870	0.0320660780490872	0.130748497452492	0.297436793051066	0.224269797343152	0.296150380356987	0	0	0	0.0193284537472159	0	0.160821824842456	1.08682935243819
15-00872	0	0.0814996211944828	0.263431096969262	0.235095666278006	0.419973615558249	0	0	0	0	0	0.232718678045439	1.03050585725756
15-00874	0.0496030834652653	0.00501851736119487	0	0.132775622397833	0.148209909824627	0.417113274239285	0	0	0.247279592711794	0	0.348121629078144	0.953374994499076
15-00883	0	0.0228981268821392	0.230511058896589	0	0.746590814221271	0	0	0	0	0	0.601834958258323	0.801121980174399
15-00892	0.0885982722060822	0.0219301608164843	0.0257766776509219	0.306859805395702	0.51197457895446	0	0	0	0.0448605049763492	0	0.039535279995155	1.10830516004791
15-00900	0.111075759041314	0	0.0730610445931878	0.244195383273689	0.55415586279483	0	0	0	0.01751195029698	0	0.163416422035971	1.06028494077904
15-00903	0.0078886575611362	0.0433416257844807	0	0	0.47384272679541	0	0	0	0.474926989858973	0	0.210850603050574	1.02181649822048
15-00909	0.0267121634235426	0.0326504046207005	0	0	0.514755496799764	0	0	0.100720392927366	0.325161542228627	0	0.20842762815753	1.02380538470525
15-00912	0	0.0121012973033851	0.493160635236887	0.142474165879932	0.352263901579796	0	0	0	0	0	0.38315373763704	0.966700726736398
15-00921	0.524066176831144	0.154577053007067	0.00199112165340795	0.262210445937791	0	0	0	0	0.0571552025705901	0	0.548880796609919	0.879735968789263
15-00929	0.107748812438852	0.132183512736473	0.314898770461381	0.334515136415204	0.104934105612677	0	0	0	0.00571966233541278	0	0.40476383872647	0.943185141475499
15-00936	0.0164422216789379	0.096353188603075	0.0407118433472036	0.11964127983953	0.653524128755605	0	0	0	0.0733273377756489	0	0.269928584852574	1.01043974550504
15-00939	0	0.0261773605147177	0.25981562970392	0	0.431081174786964	0	0.0165200069491769	0.266405828045221	0	0	0.515572867062664	0.856655029810029
15-00961	0.0383669899697026	0	0.388400413720526	0.164694653415567	0.408537942894204	0	0	0	0	0	0.277615138289588	1.02114238470208
15-00965	0.0262595337773677	0	0.181964252741374	0.00766329236274848	0.542400005909637	0.241712915208873	0	0	0	0	0.345650916314154	0.991389774047269
15-00967	0	0.0879578295566555	0.450420222363571	0.144641890118948	0.177061083595419	0	0.139918974365406	0	0	0	0.829937867216888	0.559127562632366
15-00974	0	0.0106304052253439	0	0	0.661129861438338	0	0.0298062982638834	0.249124018323698	0.0493094167487361	0	0.467428478124189	0.887071978932399
15-00975	0	0.0106431618120567	0.32814711256503	0	0.336584908339319	0	0	0.324624817283594	0	0	0.254846104567622	1.00905513684604
15-00976	0	0.0219713758549121	0.494940548759441	0	0.340002568641319	0	0	0.143085506744327	0	0	0.294611600287508	1.02814908883524
15-00979	0	0.0265377445990374	0.378552953172452	0	0.541397622711156	0.0535116795173543	0	0	0	0	0.280432851646367	1.04534665736927
15-00981	0	0.0684338699290431	0.400343251853995	0.118503305604229	0.412719572612733	0	0	0	0	0	0.574497120375374	0.822026556378135
15-00990	0.0273944379348942	0	0.117792148841677	0.258837792823244	0.595975620400185	0	0	0	0	0	0.0691173484431925	1.10877759091323
16-00001	0	0.0131092275040363	0.285565941453956	0.116492113530631	0.584832717511376	0	0	0	0	0	0.54407301907136	0.841577506978318
16-00003	0	0.00371486429961104	0.368917261106489	0.0489799148027329	0.578387959791167	0	0	0	0	0	0.436058770258789	0.92893091857069
16-00004	0.041777166734261	0.181691629110883	0.299295728686868	0.325838679762595	0.151396795705393	0	0	0	0	0	0.484566012069038	0.887743976945539
16-00007	0	0.0352818801081179	0.561933251456373	0	0	0.374090172212699	0.0112676769864939	0	0.0174270192363166	0	0.44883756247521	0.944113944210907
16-00010	0	0	0.353704815230332	0.210630015313916	0.435665169455752	0	0	0	0	0	0.399736983573067	0.935978157508826
16-00027	0	0.0481279017366995	0.469708510048782	0.0215395688318981	0.440063052007851	0	0.0205609673747691	0	0	0	0.752199424331913	0.658135172160525
16-00031	0	0.00657505814491115	0.359847222451845	0.0180110493404927	0.447778288928547	0.127133712644734	0	0	0.0406546684894703	0	0.516264290246899	0.867710893307722
16-00048	0	0.130431490793667	0.41016965557968	0.16412874988458	0.272178422770702	0	0	0	0.0230916809713704	0	0.287235418813809	1.03268072287421
16-00050	0.0172440692744594	0.0587419662446699	0.12554125228698	0.178031548494241	0.512019186886025	0.108421976813625	0	0	0	0	0.174001180029648	1.06348896634111
16-00056	0	0.186464566609209	0.225631503089266	0.0978311567458258	0.4900727735557	0	0	0	0	0	0.475010350079599	0.898932285238852
16-00067	0	0.0129248522132192	0.662211626791945	0.178427535948581	0.146435985046255	0	0	0	0	0	0.31493288177283	1.04339191638036
16-00073	0.0553999240947991	0	0	0.167049291342721	0.700944061290338	0	0	0	0.0766067232721415	0	0.0934730258771881	1.10880178425344
16-00075	0	0.181045275965313	0.383516877084667	0.229010896825026	0.180595740808074	0	0.0258312093169207	0	0	0	0.58986657255408	0.814795115499353
16-00077	0	0.0980490907483285	0.27074142363202	0.150109738968011	0.481099746651641	0	0	0	0	0	0.274733379294949	1.01958349913471
16-00078	0.0034122796888665	0.159090360180932	0	0.232469634054354	0.549795523486054	0	0	0	0.0552322025897936	0	0.0802253914777662	1.0984236682009
16-00087	0	0	0.503326614780737	0.05554891603175	0.441124469187513	0	0	0	0	0	0.71608048474992	0.696897158170641
16-00088	0	0.0132650814129146	0.363170871946754	0.0105885214839567	0.606239851792507	0	0	0	0.00673567336386773	0	0.710056224730592	0.703297882162029
16-00094	0	0.0255629228296484	0.240426428650174	0	0.558540115888327	0	0	0	0.17547053263185	0	0.300870087312787	0.998867319336248
16-00102	0	0	0.510432201406728	0.088400209600989	0.401167588992283	0	0	0	0	0	0.698575767777477	0.714381232715353
16-00109	0	0.187592609681381	0.0970476592986089	0.0559782862610095	0.659381444759	0	0	0	0	0	0.517858917856688	0.865231253757097
16-00113	0	0.305849578008201	0.238222047978944	0.300940392600556	0.154987981412299	0	0	0	0	0	0.336031081870988	1.01300871934459
16-00115	0	0	0.53425566216824	0	0.287875783007672	0	0	0.177868554824088	0	0	0.285849812981746	1.03313730575782
16-00118	0.0422141477464686	0	0	0.17026472075192	0.738162421097932	0	0	0	0.0493587104036792	0	0.160446845147797	1.0781652334532
16-00120	0	0.0175166712253536	0.408924947052553	0.0455445961442962	0.528013785577797	0	0	0	0	0	0.674965966514822	0.73668239552471
16-00124	0.0631360761150944	0.0249703578348294	0.258307125098282	0	0.385196423525405	0.203324967678218	0.0324119865846364	0	0.0326530631635348	0	0.612327359792938	0.790947643041951
16-00129	0.0931034033022259	0.163376985662184	0.123814190271912	0.407564040128185	0.181016719288808	0	0.031124661346686	0	0	0	0.171984807048995	1.06723209565984
16-00132	0.318182491701592	0	0	0	0	0.188829394490077	0	0.440693454033937	0.052294659774394	0	0.152678607353113	1.05476761279125
16-00139	0.140080318891076	0.227150774561304	0	0.0507625081810309	0.302743998145217	0.247715584222989	0	0	0.0315468159983832	0	0.122799933200619	1.14238375962611
16-00143	0	0	0.498681078510159	0.093596159390032	0.407722762099809	0	0	0	0	0	0.429783717478136	0.938642926795499
16-00145	0	0.122524154330287	0.688243429867104	0.019167542790623	0.170064873011986	0	0	0	0	0	0.560740200127989	0.888741959022575
16-00150	0	0.163614457390047	0.395959783124783	0.207666588023945	0.232759171461225	0	0	0	0	0	0.479294781792407	0.900526291048769
16-00151	0	0.0792538257655929	0.409254449265006	0.130509528693871	0.130086173052804	0.0712772904767864	0.179618732745941	0	0	0	0.768942980705503	0.638624822238212
16-00157	0	0.000143104647396054	0.375535143066004	0.111125739260901	0.513196013025699	0	0	0	0	0	0.412283437063175	0.938617907912
16-00217	0	0.0320117969561163	0.590427997391146	0.208387040650624	0.169173165002113	0	0	0	0	0	0.408802851235429	0.959867559816463
16-00220	0	0.0383698074959237	0.539375341894653	0.0172290647719939	0.374367534453822	0	0	0.0306582513836077	0	0	0.599471980670713	0.811480929922288
16-00226	0.0228502978232745	0	0.240097366683016	0	0.62691435229232	0	0	0.0417193426492196	0.0684186405521701	0	0.13631422176848	1.10490991924305
16-00249	0	0.0380715164152567	0.655334059029266	0.107765013590419	0.198829410965058	0	0	0	0	0	0.340199818526331	1.03759740586763
16-00264	0.126716404329961	0.126679833859189	0	0.0197193871167341	0.336480342456659	0.0375777481874843	0.0583913502458564	0	0.294434933804117	0	0.662839999909928	0.751224474615058
16-00269	0	0.00917808596926403	0.441984258801212	0.110741984587349	0.438095670642175	0	0	0	0	0	0.564566456535215	0.830181686806335
16-00271	0.0569511449842343	0.123449415972519	0.167976721577753	0.154319954155059	0.497302763310435	0	0	0	0	0	0.432158187098989	0.918668963230522
16-00273	0.0518990674340274	0.0357554308097621	0.360632443570502	0	0	0.477840684510212	0	0.0519465157656258	0.0219258579098708	0	0.479184743658625	0.894696026787139
16-00278	0	0.147191226680087	0.438190167114159	0.134609219709459	0.280009386496295	0	0	0	0	0	0.685480989532505	0.727634315858423
16-00289	0	0.0115131727189347	0.146447993004222	0.0866943713048614	0.755344462971982	0	0	0	0	0	0.534030644776656	0.850513517859291
16-00292	0	0.00861573715204264	0.527548769214207	0.0401139155363384	0.423721578097412	0	0	0	0	0	0.61214609287329	0.797907121563879
16-00303	0	0.0710897290374428	0.324649308173417	0.144348494959253	0.459912467829887	0	0	0	0	0	0.140925607880649	1.10175246765062
16-00307	0	0	0.352784643796895	0.195665468613218	0.451549887589887	0	0	0	0	0	0.494936421599532	0.874155424566956
16-00315	0.0452306845389843	0.0078681354632545	0	0	0.138546089763949	0.378235149010989	0.00152743897036565	0	0.428592502252457	0	0.364957085551473	0.944457847735734
16-00316	0	0.137869531867042	0.464005015151707	0.123695935490544	0.177083275196949	0.0973462422937578	0	0	0	0	0.34548174955109	1.01163760862387
16-00332	0	0.0931969525491724	0.481897718350487	0	0.213673563497423	0	0	0.211231765602918	0	0	0.21540240888697	1.08159478561343
16-00339	0	0.176194709716517	0.419015954563286	0.124578526687111	0.280210809033086	0	0	0	0	0	0.442917728381597	0.940928024147696
16-00344	0	0.100196160157314	0.432834041314687	0.0819353113503816	0.385034487177618	0	0	0	0	0	0.357761889016087	0.995133134863963
16-00351	0	0.030823264760498	0.605693473163289	0.142354926639465	0.215647887223416	0	0.00548044821333217	0	0	0	0.718493916390768	0.694764630992902
16-00354	0	0	0.357921102923912	0.103082615367317	0.538996281708771	0	0	0	0	0	0.368864172919362	0.967780888319732
16-00356	0	0.239295458346324	0.0954373379865666	0.0686463281359752	0.223164887439997	0.373455988091138	0	0	0	0	0.123972104059477	1.12718377556892
16-00358	0	0.281874011155521	0.295493749073262	0.245184398600486	0.177447841170731	0	0	0	0	0	0.536587438957009	0.864252727561645
16-00373	0	0.0916986201513704	0.531100787837273	0.117021065497418	0.260179526513938	0	0	0	0	0	0.440317366299316	0.94469232277066
16-00392	0.2144008625301	0	0	0	0.639879010288485	0	0	0.145720127181415	0	0	0.242158372522365	1.04215655619586
16-00406	0	0.135414794988082	0.39421468581819	0.201376428255139	0.268994090938589	0	0	0	0	0	0.324909266998249	1.00443308338928
16-00410	0	0.0110106424631589	0.442658056433769	0.0165465586479178	0.529784742455154	0	0	0	0	0	0.667151716623764	0.74480271221245
16-00459	0.0414192749251138	0.00489911733574264	0	0	0.65347021984781	0.171920837430494	0.0257981246989655	0	0.102492425761874	0	0.589114538322368	0.808506306488164
16-00460	0	0.0502055206003943	0.5808131885808	0.190976108130978	0.107892172236324	0	0.0701130104515033	0	0	0	0.677303891560581	0.739566291845384
16-00465	0.21019935314387	0	0.382188357711002	0.254103465119836	0.153508824025293	0	0	0	0	0	0.210856795673546	1.06954757311875
16-00474	0	0	0.451205988735543	0	0.511068539991614	0	0	0.037725471272843	0	0	0.506298104440787	0.882388393013447
16-00479	0	0	0.444164597625464	0	0.415573357870757	0	0	0.140262044503779	0	0	0.374369309916846	0.966801025294281
16-00481	0	0.00833193486354796	0.282460675326504	0	0.685565914661168	0	0	0.0236414751487801	0	0	0.4008512243735	0.954083884795804
16-00483	0	0	0.446963857967257	0.118629518985855	0.434406623046888	0	0	0	0	0	0.560054572763723	0.833375810705536
16-00491	0.412663747498231	0	0.00835614926433097	0.0842247751200107	0.445190934243293	0	0	0	0.0495643938741343	0	0.198047217361806	1.09401287961286
16-00494	0.0479057802839063	0	0.00571247385909687	0.233981573986352	0.668708572057642	0	0	0	0.0436915998130037	0	0.0599624938261601	1.11848316777517
16-00498	0	0.0154917799981225	0.564948218977675	0.0577162037297071	0.361843797294496	0	0	0	0	0	0.736559590883333	0.675250685845091
16-00504	0	0.0945736023048771	0.604457894781085	0.0891480252385657	0.193249642478893	0	0.0185708351965787	0	0	0	0.54826510788105	0.873125994651071
16-00510	0.0905784111928006	0.239235534080535	0.208158258925277	0	0.162135145928582	0	0.11683209018493	0.183060559687876	0	0	0.601665255274581	0.82809070368721
16-00519	0	0.0284048609598985	0.417936443215369	0.0664577975536313	0.487200898271101	0	0	0	0	0	0.706773878886551	0.706721344965858
16-00525	0	0.0315939144226883	0.444694075120973	0.232174149763341	0.286264425423276	0	0	0	0.00527343526972174	0	0.371353879921208	0.961285909630825
16-00538	0.152192487074842	0.00878109890682497	0.439517626755819	0	0.177286450644016	0	0	0.222222336618498	0	0	0.195145539472741	1.0862283777536
16-00540	0	0.105589673730289	0.0860676595437482	0.176366910170063	0.6319757565559	0	0	0	0	0	0.272983788523496	1.00942548879255
16-00547	0.359280784877863	0.0442342028464985	0.217152502867888	0.154988235732429	0.224344273675322	0	0	0	0	0	0.166412696093419	1.12911828627077
16-00548	0.12609868512493	0.0104496286565678	0	0.0585289438097292	0.493634435536975	0.0523093918430938	0	0	0.258978915028704	0	0.124603737042716	1.07851263347612
16-00566	0.225673312132078	0	0	0	0.482375040417567	0	0	0.28451661681063	0.00743503063972489	0	0.356536976529517	0.95542862704616
16-00627	0	0.0515809017366458	0.600425389411451	0.123632126080038	0.224361582771866	0	0	0	0	0	0.293738355514817	1.05867884148651
16-00699	0	0	0.572144052924952	0.0184750443170686	0.381523978647863	0.0278569241101164	0	0	0	0	0.584785944094962	0.827157978643783
16-00702	0.0139945454491704	0.0956898803549522	0.652117296496062	0.168604903720169	0.0695933739796455	0	0	0	0	0	0.49631880723515	0.921320596357655
16-00705	0.15516533933753	0.297400952890156	0.0423969983754847	0.218792393623781	0	0.0658187051998416	0.0322329274369653	0	0.188192683136241	0	0.741617843822791	0.669845222874917
16-00708	0	0.0541729132833611	0.201058309321154	0.230182267923232	0.514586509472253	0	0	0	0	0	0.237797927575753	1.02294410353531
16-00710	0	0.0314762251579849	0.581281273471032	0.186321505417692	0.199645204785651	0	0.00127579116763968	0	0	0	0.540699832656044	0.857165666108196
16-00724	0	0.0935376126591637	0.427560095142783	0.210429251886185	0.268473040311869	0	0	0	0	0	0.323814635945533	1.00112075890745
16-00731	0	0.0555590719013575	0.463121241367368	0.190476206825604	0.290843479905671	0	0	0	0	0	0.346358794933562	0.98751764342691
16-00733	0.0169013044412665	0.120201824584104	0	0.163857986746285	0.528450051306566	0	0	0	0.170588832921779	0	0.0932127701847957	1.08463046310369
16-00755	0	0.448707544888545	0.17680846841284	0.16308641364007	0.0893941469168622	0.0702651691612866	0	0	0.0517382569803971	0	0.306954087085079	1.09665476766684
16-00766	0	0.0718637771576178	0.166996303886095	0.355714247887245	0.405425671069042	0	0	0	0	0	0.220811095695573	1.01734177181395
16-00770	0	0.0202134708620604	0.540451682681651	0.0953406962436112	0.343994150212677	0	0	0	0	0	0.433152112771535	0.943033499259953
16-00771	0	0.0796110732382776	0.555704569574878	0.138798431534686	0.225885925652158	0	0	0	0	0	0.380063946543138	0.990471339731535
16-00810	0	0.131990760577368	0.117852704090549	0.252240658958513	0.47152021881006	0	0	0	0.0263956575635095	0	0.0727089840187014	1.10322170630465
16-00815	0	0.0765508495306558	0.483857400415013	0.138170241103162	0.301421508951169	0	0	0	0	0	0.131308695337091	1.14011001001106
16-00818	0.00449858312006015	0.0371584978787923	0	0	0.519667894090687	0	0.00846790113300443	0.402455560464829	0.0277515633126266	0	0.251658728139578	0.997587208790985
16-00820	0	0	0.258636623426069	0.120920185842852	0.437831701006175	0	0	0	0.182611489724904	0	0.330411665545884	0.967809357749575
16-00822	0	0.144676366934971	0.476635570994313	0.151464293647636	0.22722376842308	0	0	0	0	0	0.3407726274301	1.01736661500371
16-00831	0	0	0.323567458557799	0	0.509710043932197	0	0	0.140667010914304	0.0260554865957002	0	0.301120160653366	1.00104553870786
16-00836	0	0.0593338897050893	0.467612403476861	0.0688706966181457	0.404183010199904	0	0	0	0	0	0.238824738867885	1.07682203743538
16-00846	0.149164644293098	0.000230585498651336	0	0	0.178265131402567	0.161281287845984	0	0.511058350959699	0	0	0.275730211241374	0.980326172608254
16-00867	0	0.00521947372938986	0.452280659506236	0.127543303153671	0.414956563610703	0	0	0	0	0	0.612278813289894	0.790896553585335
16-00875	0	0.0216636898732531	0.613078522525649	0.178696623045831	0.186561164555266	0	0	0	0	0	0.632221135889632	0.77936655200842
16-00882	0.0133279672088319	0.0951416351755776	0.0354357081939199	0.111696868932856	0.744397820488815	0	0	0	0	0	0.149795977604262	1.09277105659466
16-00951	0.23269203847172	0	0	0.193545338150856	0.369785302962765	0	0.0222339917093188	0	0.18174332870534	0	0.311552077624949	0.975568814107637
16-01004	0	0	0.393986353229527	0.184010984435022	0.422002662335451	0	0	0	0	0	0.279748549198226	1.01627777131508
16-01005	0	0.0285759014014336	0.525442921179306	0.294095285450208	0.151885891969053	0	0	0	0	0	0.368239026917957	0.969957897635688
16-01010	0.16219551958952	0	0	0	0.411632401531361	0	0.139254662173385	0.200772578344431	0.0861448383613034	0	0.527917461995203	0.849598979815971
16-01017	0	0	0.469454585470233	0	0.426636501396627	0	0	0.10390891313314	0	0	0.230041406567268	1.0693279101617
16-01047	0.024986767440786	0	0.197007168507499	0.00335295856918085	0.689364871909429	0.0852882335731053	0	0	0	0	0.56249484812681	0.833408469563932
16-01049	0.126237611928262	0.185954611870629	0.306118160284688	0.381689615916421	0	0	0	0	0	0	0.438346105009215	0.933138651859116
16-01061	0	0.119041887716008	0.105284084019942	0.109541866313219	0.66613216195083	0	0	0	0	0	0.536839010262663	0.846029833733696
16-01080	0	0.00357167347631981	0.360034081424158	0.059044643154348	0.577349601945174	0	0	0	0	0	0.623639000657831	0.781553418459618
16-01082	0.176496019502741	0.141447163112463	0.0822346231523975	0.409659494927406	0	0.0991530254392783	0.0661817975705701	0	0.0248278762951448	0	0.708463436251073	0.709094958454677
16-01093	0	0.049899511087292	0.59734672138447	0.12144131292785	0.222207112997871	0	0.00910534160251667	0	0	0	0.701075248758197	0.713937027336652
16-01094	0.130024798255634	0.187757803267858	0.318585528616431	0.300770332358709	0	0.0628615375013681	0	0	0	0	0.562092604025703	0.839922574308659
16-01097	0	0.0584000218339371	0.613266166087231	0.17006069044383	0.0679040378903668	0.0151027161378658	0.0752663676067691	0	0	0	0.858128842259807	0.515680336427714
16-01100	0.149942337686081	0	0.0465971499516229	0.167272622583352	0.632071906276334	0	0	0	0.00411598350261074	0	0.0499208247525823	1.13914546918561
16-01102	0	0.0449903820779424	0.598803176746411	0.117965294454504	0.238241146721142	0	0	0	0	0	0.494461784050067	0.904494442992644
16-01103	0	0.0786939597241377	0.149886130159341	0.0666071524107706	0.704812757705751	0	0	0	0	0	0.398560907648179	0.946353349154795
16-01109	0	0	0.368124987981776	0	0.412670517549556	0.164772657143497	0	0	0.0544318373251714	0	0.528986184397705	0.85853357348251
16-01121	0	0	0.257625511845319	0	0.723945836279001	0	0	0	0.0184286518756792	0	0.620214823665722	0.785122587421434
16-01127	0.013634211532514	0	0.335994313472234	0.176046625996568	0.474324848998684	0	0	0	0	0	0.199160026313504	1.05976008677855
16-01138	0.009954799133703	0.0967726778143585	0.12617388425536	0.238667206148888	0.307156934161225	0.0571513046396729	0	0	0.164123193846793	0	0.313196107888483	0.966970865945405
16-01151	0	0	0.434942126483326	0	0.565057873516674	0	0	0	0	0	0.556444338311276	0.844034575249405
16-01185	0	0.0300747077403415	0.424867833289359	0.133290340412275	0.411767118558025	0	0	0	0	0	0.39270812891491	0.954780807875185
16-01191	0.00740512517223675	0.026387473240854	0.179192636941324	0.0227298380359082	0.56060003301866	0.203684893591017	0	0	0	0	0.100604444698425	1.13920883446875
16-01192	0.127639877846828	0.482261591373324	0	0.228015348825158	0	0.0891328799052353	0	0	0.0729503020494547	0	0.658044356424499	0.787876808543651
16-01201	0	0.0097830833604712	0.352419567752911	0.0311086675210414	0.599224644015787	0	0	0	0.00746403734978923	0	0.424428104933682	0.937931951383381
16-01210	0	0	0.621026981437067	0.0792358979747501	0.261074096493937	0.0386630240942461	0	0	0	0	0.521224535412277	0.882923153231566
16-01216	0.154452285643968	0.0212967412756496	0.636958975392086	0.100402295689783	0.0356475978989862	0.0512421040995271	0	0	0	0	0.407561348814517	1.0020634911889
16-01219	0	0.0383467082102345	0.455265440263595	0.147788589504154	0.251561007856513	0.0473116870678729	0.059726567097631	0	0	0	0.798514948156298	0.611247011850701
16-01223	0.0759014115831514	0.0347364454221559	0	0	0.616659785035424	0	0.0413892486001404	0.130290901345986	0.101022208013142	0	0.3506604062308	0.960605151412778
16-01225	0	0.0410336197311452	0.208058054445799	0.0441057470126359	0.688286782357508	0.00548544500311327	0	0	0.0130303514497985	0	0.547718847818564	0.841164208593358
16-01227	0	0	0.267218448778048	0	0.616240965587822	0.0554721550751663	0	0.0510104037417224	0.0100580268172413	0	0.661692428180051	0.748647582234634
16-01237	0	0.0189752528751414	0.560482987191366	0.0880038561558026	0.305522606072199	0.00621809713061345	0	0	0.0207972005748776	0	0.516053822437889	0.879288565635626
16-01254	0	0.135659871950878	0.380736997513042	0.226241508669854	0.257361621866226	0	0	0	0	0	0.295089984416161	1.0191009310954
16-01262	0	0.0119244501827427	0.420615796484901	0.0437678933271516	0.523691860005205	0	0	0	0	0	0.674072477019604	0.737577172105733
16-01270	0	0	0.175822962002534	0	0.667351673373857	0	0	0.156825364623609	0	0	0.663132215095383	0.749687293445629
16-01272	0	0.209954822804871	0.356678704937074	0.205219910749724	0.228146561508332	0	0	0	0	0	0.296827254579884	1.03665481070239
