Mixture	AML_blast	CMP	GMP	HSC	LPC	LSC	MEP	MPP	RApos	P-value	Correlation	RMSE
TCGA-AB-2803	0	0.234899228582896	0.307523748398192	0.208691713963079	0.248885309055834	0	0	0	0	0	0.488709922223407	0.897338557945022
TCGA-AB-2807	0.0160377103107698	0.256148125015877	0	0.239714804126976	0	0.0967814979010474	0.141581018077233	0	0.249736844568096	0	0.723762351233563	0.690376618240993
TCGA-AB-2963	0	0.143477296538558	0.355254100164902	0.223374713786261	0.265988405191532	0.0119054843187476	0	0	0	0	0.189387140521485	1.0842619509285
TCGA-AB-2826	0	0.0571812319066336	0.345925837295233	0.178029309798563	0.41886362099957	0	0	0	0	0	0.185232451451045	1.07462430117301
TCGA-AB-2867	0	0.0800400935362982	0.588941384956933	0.132030786470453	0.0432776219536795	0.138409361548682	0.0173007515339533	0	0	0	0.747321018161998	0.663872783080026
TCGA-AB-2818	0	0.300344333411303	0	0.228457710840799	0.234586292995617	0.212390988397957	0	0	0.0242206743543239	0	0.016235412380904	1.17129235096839
TCGA-AB-2808	0	0.0591133533624287	0.516225180361539	0.188646971278857	0.169489743628587	0	0.0665247513685883	0	0	0	0.419570338591721	0.958142763344689
TCGA-AB-2853	0.00504245982726688	0.00746108371074522	0.0111169517695859	0.0181177315557159	0.552953429753479	0.405308343383207	0	0	0	0	0.121110789291451	1.14755714652207
TCGA-AB-2854	0.0684037330710869	0.322112731664695	0.133761110822136	0.380589438624991	0	0.0327578635521908	0.0532442263748441	0	0.00913089589005639	0	0.744126920121481	0.667889084494809
TCGA-AB-2822	0.208677094518175	0.196712679557296	0	0.065872682869766	0.266588120055321	0.156740115004295	0	0	0.105409307995147	0	0.61729832244957	0.788782545260655
TCGA-AB-2805	0.0570725653105394	0.0366060686341743	0.0588296764308731	0.0608514510410524	0	0.32057725603994	0.00147152765785007	0	0.464591454885571	0	0.0462702667799718	1.09290225293889
TCGA-AB-2840	0	0.00238963973894792	0.473565078790382	0	0.475379458406541	0	0	0.0486658230641296	0	0	0.664092956510702	0.747799281776738
TCGA-AB-2833	0.11252946274067	0.0239101499600566	0.172573144212819	0.166775732119096	0.397789762732799	0	0	0	0.126421748234559	0	0.0646859611679199	1.11218291172106
TCGA-AB-2806	0	0.0357395397459906	0.511488492377581	0	0	0.444456903795311	0	0	0.00831506408111679	0	0.687143574964604	0.727132586491453
TCGA-AB-2828	0	0	0.525281666664989	0.112489385292469	0.349105890535159	0.0131230575073834	0	0	0	0	0.18605245678887	1.10650497695086
TCGA-AB-2819	0	0.023206512358919	0.457710118410237	0.0827205472659609	0.422809915141429	0	0.0135529068234539	0	0	0	0.661307343644599	0.749718501118395
TCGA-AB-2816	0	0.0238931230170312	0.350880734888934	0.0929733561119537	0.488549993535338	0.0321455859194294	0	0	0.0115572065273135	0	0.117593661201319	1.12467844976244
TCGA-AB-2812	0	0.0815846825181629	0.293256662356753	0.127128094401352	0.498030560723732	0	0	0	0	0	0.423285356082568	0.929451245590705
TCGA-AB-2814	0.080366560169766	0.153012197877532	0	0.245230007003053	0.0418550901153069	0.216582563365917	0	0	0.262953581468425	0	0.536646043205216	0.843411758629204
TCGA-AB-2839	0	0.276502122320595	0.179990102504546	0.130138246555498	0.22457969059069	0.184257393035452	0	0	0.00453244499321895	0	0.694989043333322	0.718160367783107
TCGA-AB-2863	0	0.0420800168088093	0.507139486968034	0.129821436752941	0.173685990224636	0.0378788452956127	0.109394223949966	0	0	0	0.748382987418317	0.662401017924443
TCGA-AB-2815	0	0.0323060202576521	0.415117361172061	0.0776728260301748	0.450880977481904	0.0240228150582073	0	0	0	0	0.204725976274362	1.08643814273257
TCGA-AB-2834	0	0.123936609571137	0.458799435652598	0.227239240828829	0.180527123706099	0	0.00949759024133578	0	0	0	0.151660394584951	1.12754116477757
TCGA-AB-2842	0	0.0119070925437195	0.0643789131630279	0.0610875089052304	0.8568570197317	0	0.0057694656563221	0	0	0	0.0366536846040855	1.18222317092465
TCGA-AB-2849	0.0392067108208383	0.147858653415066	0	0.17633475719748	0	0.13685193775728	0.362055710013487	0	0.137692230795848	0	0.758715357763075	0.657762148182583
TCGA-AB-2964	0	0.295905702426061	0.304885898729347	0.182625613333767	0	0.0862574066614613	0.115554006959225	0	0.0147713718901384	0	0.768249406714878	0.648969768732867
TCGA-AB-2903	0	0.0633971706321808	0.212458903949767	0.0307666767602011	0.693377248657852	0	0	0	0	0	0.651548909368359	0.757674878267831
TCGA-AB-2965	0	0.24507408034261	0	0.0755391434405702	0.621615473071721	0	0	0	0.0577713031450986	0	-0.000238335057346129	1.18825455372233
TCGA-AB-2966	0	0.0683924835481973	0.515748591766204	0.00504184588764761	0	0.179925366019705	0.0716371875972698	0	0.159254525180976	0	0.747502063741404	0.663337906147413
TCGA-AB-2967	0.0417325086946441	0.39673271757784	0.0162931647067911	0.235621093563549	0.0165592778961985	0.165546990652817	0.118239523990071	0	0.00927472291808956	0	0.171506707533276	1.20740236106148
TCGA-AB-2959	0.0139741613929814	0.0611588700393425	0.0214696893716379	0.0182580241313965	0	0.324867585998128	0.0410234847520586	0	0.519248184314455	0	0.512840938317709	0.859559772561828
TCGA-AB-2917	0	0.142161633724612	0.381589635791267	0.266683702617439	0.0151629270699679	0.100404006405991	0.0939980943907234	0	0	0	0.530826542282555	0.867988468864316
TCGA-AB-2913	0	0.092329998955777	0.184488513299477	0	0.482903403862858	0.214506165493902	0.0257719183879858	0	0	0	0.446402218152785	0.92242048034628
TCGA-AB-2892	0	0.0753412063099719	0.353083525324329	0.119950328489664	0.451624939876036	0	0	0	0	0	0.251888848521484	1.04680091438716
TCGA-AB-2969	0.0263701859729297	0	0.0747997214931818	0.175430538638927	0.715560362372504	0	0	0	0.00783919152245694	0	0.0182999615499388	1.15973191210631
TCGA-AB-2970	0.0962210014446129	0.227585523686351	0.0834066310351403	0.0964890916453416	0	0.160693279100429	0.0657604407330974	0	0.269844032355028	0	0.260449178835609	1.0494603726555
TCGA-AB-2911	0.110091426626107	0.0434057922488103	0.349789865960648	0.125198988560772	0.24231804340309	0.115532577075572	0	0	0.0136633061250005	0	0.163629867480062	1.10324908795191
TCGA-AB-2904	0.0785096449611842	0.312290131769094	0	0.247882979948363	0	0.0978286646295509	0.0532547328706858	0	0.210233845821122	0	0.771698342269641	0.639530047202175
TCGA-AB-2912	0	0.02172079136722	0.19337800719697	0	0.166666276829175	0.291567547928699	0.00856674423148294	0	0.318100632446454	0	0.0516595174797919	1.11401243851193
TCGA-AB-2971	0	0.0238237611671178	0.534367659958345	0.0661536811817354	0.225598564241326	0.150056333451476	0	0	0	0	0.126788924479152	1.15632035545264
TCGA-AB-2972	0	0.240823104224204	0.0661998132022835	0.254447375533188	0	0.114697375081022	0.312277242910531	0	0.0115550890487707	0	0.823123235929866	0.574481339180618
TCGA-AB-2973	0.29411711791641	0.0304550680819434	0.119572476867346	0.28152982466904	0.0833153605843913	0.19101015188087	0	0	0	0	0.0433088661345925	1.14919415476383
TCGA-AB-2916	0.110603871878339	0.251421654020384	0.0392271361625063	0.328916423607598	0	0.196611678191614	0	0	0.0732192361395589	0	0.248168509650513	1.03851482698415
TCGA-AB-2914	0	0.0441064633036174	0.406893917882774	0.0640508948819544	0.180777097137415	0.30417162679424	0	0	0	0	0.431959509499998	0.933573887008929
TCGA-AB-2955	0	0.0280574868456193	0.304494021984708	0	0.0478139398626099	0.467342616157816	0.0859336523479069	0.0663582828013399	0	0	0.724192824715065	0.691594632119444
TCGA-AB-2975	0	0	0.441433768612071	0	0.462198031724303	0	0	0.0963681996636265	0	0	0.675472115790746	0.736371201402145
TCGA-AB-2976	0	0.159420033436363	0	0.0810071528454785	0.735354645054625	0	0	0	0.0242181686635337	0	0.169592621618787	1.0884558628702
TCGA-AB-2933	0	0.043676501216703	0.486672365488552	0.0811231272186688	0.0811833119038697	0.117858424078528	0.0573060563254723	0	0.132180213768206	0	0.182578067457275	1.10613763953046
TCGA-AB-2883	0	0.0260575539380998	0.708795241400979	0.136967960700119	0.127741083358863	0	0.000438160601939601	0	0	0	0.363813484738686	1.02766404350324
TCGA-AB-2978	0	0.248927501141411	0.452372751247486	0	0.259846554377541	0	0	0.0388531932335617	0	0	0.433274609807801	0.987950231141853
TCGA-AB-2980	0	0.13384007444629	0.388377261918843	0.244131498471712	0.112783129190388	0	0.120868035972767	0	0	0	0.810438829393275	0.588076738713804
TCGA-AB-2942	0	0.0160652708619786	0.565631424488347	0.0108258723841822	0.385090648751154	0.0223867835143379	0	0	0	0	0.480458383196097	0.919590090867033
TCGA-AB-2876	0	0.321217650146429	0.205081401818395	0.13877521089958	0.0359573561726028	0.282509936033063	0	0	0.01645844492993	0	0.528605563289989	0.874150121928211
TCGA-AB-2878	0	0.419480910631534	0.176884773331008	0.234296236155483	0.0638044794091776	0.0407921749357775	0.0588698151121393	0	0.00587161042488134	0	0.727945085199599	0.702696918017949
TCGA-AB-2893	0	0.00436348209801812	0.0903121089671859	0.201268999283152	0.684944028571242	0	0	0	0.019111381080402	0	0.0455517884246724	1.13682960397454
TCGA-AB-2983	0.054546522458292	0.127947670990613	0.0641944480608306	0	0.265810114423702	0.0992693989236236	0.0363872225801099	0.0998645560197733	0.251980066543055	0	0.212415186522135	1.03388819258972
TCGA-AB-2894	0.316175501100758	0.160925113818924	0.0125734456367021	0.261085398328644	0.248045825534177	0	0	0	0.00119471558079493	0	0.602922765304769	0.802907146245104
TCGA-AB-2937	0	0.0263652461980696	0.391040496396557	0.188694808014019	0.363068373842084	0.0186664409739459	0.0121646345753241	0	0	0	0.696801868146686	0.719606530492393
TCGA-AB-2984	0	0.0302422734084029	0.601121503774061	0.053285122589322	0.291778115936325	0	0.0235729842918884	0	0	0	0.730666166522108	0.683367412606383
TCGA-AB-2985	0.309356307068673	0.0579361336161151	0.0366440233501425	0.185293340828035	0.386601641264016	0	0	0	0.0241685538730185	0	0.067720451510796	1.15304255903326
TCGA-AB-2986	0.00259946082476697	0.299989926067606	0	0.10256050563472	0.564999587757498	0	0	0	0.0298505197154086	0	0.58467287814173	0.815158794117825
TCGA-AB-2987	0.329058833836719	0	0	0.132985677547114	0.160531521882778	0.15567300661045	0.0502594889682027	0	0.171491471154736	0	0.0693757947326101	1.1377600587739
TCGA-AB-2991	0	0.028556245186977	0.642829427469099	0.138351981796506	0.163918348500297	0	0.0263439970471208	0	0	0	0.74238517727156	0.669808994057159
TCGA-AB-2820	0.32298868524636	0.252374568086637	0	0	0	0.134473697731778	0	0	0.290163048935226	0	0.674681009277387	0.744939181883544
TCGA-AB-2992	0	0.0712564719403778	0.698518192776928	0.127238908984826	0	0.0586044689068717	0.0443819573909966	0	0	0	0.665578947275002	0.769088646202888
TCGA-AB-2993	0	0.0868758352262307	0.261116606499508	0.0703309851503504	0.53027439226377	0.0514021808601407	0	0	0	0	0.571361244609469	0.823714591578236
TCGA-AB-2994	0	0.0900862009594016	0.57343273358317	0.186534339943218	0.149946725514211	0	0	0	0	0	0.703895376984749	0.710466550533796
TCGA-AB-2821	0	0.0929344731054484	0.471845366276168	0.23619238455694	0.115214966154387	0.013716677435485	0.0606831704692137	0	0.00941296200235759	0	0.556136484159321	0.84443389967662
TCGA-AB-2995	0.0346109955219465	0.363572475507028	0	0.285488837115961	0	0.0967758824739194	0.192554162319094	0	0.0269976470620521	0	0.784968725620906	0.630453517676095
TCGA-AB-2996	0	0.169989760438463	0.434916640654742	0.193727473514938	0.086379215559667	0.0504056882840784	0.0645812215481123	0	0	0	0.441195053720315	0.954827650715524
TCGA-AB-2925	0	0.0164803688866924	0.553291771248529	0.167192810945227	0.263035048919552	0	0	0	0	0	0.21547606344964	1.08774532939312
TCGA-AB-2870	0	0.016290887436826	0.595591308884922	0	0.388117803678253	0	0	0	0	0	0.521458006295313	0.890385995812261
TCGA-AB-2884	0.0390083941179064	0.109277183861782	0.366660092867209	0	0.268249245287584	0	0	0.216805083865518	0	0	0.255055081774565	1.0443967472587
TCGA-AB-2929	0.103435694975333	0.201955296485338	0	0.462319324378129	0	0.0662913798427586	0.0664408055177484	0	0.0995574988006927	0	0.645124247335682	0.763885513549857
TCGA-AB-2950	0	0.0278915403723745	0.497959604765189	0.103411760245207	0.313071037145155	0	0.0576660574720734	0	0	0	0.697018862886833	0.716423365766552
TCGA-AB-2877	0	0.00793877471762933	0.463606023789993	0.126152149015625	0.402303052476753	0	0	0	0	0	0.523741780367886	0.8633174752896
TCGA-AB-2880	0	0.0243393287172393	0.538506737169589	0.0282125335856118	0.342923967196128	0.0519021091914255	0.0141153241400066	0	0	0	0.588255870533421	0.823169900721322
TCGA-AB-2998	0	0.0358259584725174	0.503156223765816	0	0.45602420252378	0	0	0.00499361523788704	0	0	0.671148771682686	0.743913119754271
TCGA-AB-2874	0	0.0178006437777011	0.473300596258885	0.0736794987299574	0.435219261233457	0	0	0	0	0	0.669421974153593	0.742392046949278
TCGA-AB-2890	0.217570731311049	0.11983331630393	0	0.352714708681789	0	0.0829754168623811	0.135291575124835	0	0.091614251716016	0	0.727809817885871	0.686521809466953
TCGA-AB-2885	0.175536886213588	0.245435632716179	0	0.338181652132894	0	0.0946420615764129	0.0531797407140395	0	0.0930240266468868	0	0.735677301025114	0.677577751271028
TCGA-AB-2900	0	0.0867260420390409	0.613872146891683	0	0.299401811069276	0	0	0	0	0	0.548359480015731	0.879233846848361
TCGA-AB-2891	0	0.0155727289231559	0.637697193200638	0.0163874666842322	0.227954382522185	0	0	0	0.10238822866979	0	0.623258090476002	0.793440379354122
TCGA-AB-2898	0.0692097133943956	0.0142631467658288	0.613709855688176	0.226182770882588	0	0.0287811240208515	0.0478533892481599	0	0	0	0.683163708328657	0.734067759954895
TCGA-AB-2901	0.141971995698284	0	0	0.0113323831898566	0.821239677456385	0	0.0254559436554741	0	0	0	0.375224041405939	0.979886511163495
TCGA-AB-2881	0	0.0488149926797018	0.682733022600278	0.00625661592827089	0.252647078256452	0.00954829053529663	0	0	0	0	0.682619215103016	0.746206699332272
TCGA-AB-2873	0.261944188909088	0.218672776679138	0.0385976151064464	0.38384354133774	0	0	0.0832894931387209	0	0.0136523848288671	0	0.133874106437105	1.18534857064795
TCGA-AB-2897	0	0.0302492066954665	0.630484240729435	0	0.339266552575098	0	0	0	0	0	0.712145656269362	0.70689664248731
TCGA-AB-2869	0	0.203171180265389	0.375295502241794	0.0869727357113735	0.334560581781444	0	0	0	0	0	0.574117180135494	0.835687840012999
TCGA-AB-2871	0.152845992762649	0.430055160835477	0	0.332109566496309	0.0144436523936202	0	0.0166018782687495	0	0.053943749243195	0	0.735983066675591	0.688295009101488
TCGA-AB-2895	0.0088167284888634	0.0206706726682271	0.134463346941305	0	0.42556837899545	0.324265367984406	0	0.0862155049217485	0	0	0.541878620755194	0.84451482300472
TCGA-AB-2887	0	0.0738920229418153	0.511613205267783	0	0.0258296444024457	0.189874822248718	0.0985073097883038	0	0.100282995350935	0	0.85671890014122	0.51983329373288
TCGA-AB-2879	0	0	0.443434563740573	0	0.41431089094822	0	0	0.142254545311207	0	0	0.591473483084989	0.807890699498996
TCGA-AB-2889	0	0.0739530424033579	0.389897351867997	0.116026353348967	0.420123252379679	0	0	0	0	0	0.561478559759818	0.833186279371579
TCGA-AB-2875	0	0.0532207276473151	0.382334220214711	0.191258542810548	0.364190875242571	0	0.00899563408485557	0	0	0	0.683724240273532	0.730529198110824
TCGA-AB-2886	0	0.0631913329844981	0.3961144001083	0.124443355254792	0.41625091165241	0	0	0	0	0	0.666401652091992	0.74452125712376
TCGA-AB-2872	0	0.0324324029099594	0.610640629421106	0.062791100245377	0.249310037267081	0	0.0448258301564758	0	0	0	0.683773318303233	0.736562317442732
TCGA-AB-3012	0	0.0428155531995298	0.714234210087295	0.0391280505730387	0.203822186140137	0	0	0	0	0	0.734595755604729	0.686195617537216
TCGA-AB-2858	0	0.0960029285201957	0.33664707678324	0.121211016991341	0.446138977705223	0	0	0	0	0	0.611003050243198	0.791779697774694
TCGA-AB-2847	0	0.170487039625697	0.408238963173834	0.17746931249253	0	0.108219073824012	0.135585610883927	0	0	0	0.81362034471087	0.580954483592215
TCGA-AB-3011	0	0.0228627302335189	0.604289247699704	0.14738115676819	0.225466865298587	0	0	0	0	0	0.783824926005112	0.622080815355118
TCGA-AB-2848	0	0.0708967319954837	0.494602001115952	0.113073516342954	0.143520587270375	0.159155876478242	0	0	0.0187512867969933	0	0.224175527928164	1.08425576448979
TCGA-AB-2866	0.0686435152867998	0	0.214034739383127	0.184521734871925	0.504544310412594	0	0	0	0.0282557000455534	0	0.062138174526775	1.12523863215348
TCGA-AB-2846	0	0.0235298977915658	0.608887132849028	0.0180160573236727	0.349566912035733	0	0	0	0	0	0.528186223696965	0.885082973792027
TCGA-AB-2836	0.282552879124236	0.0724292389588412	0.157178206795222	0.26471681961624	0.133808956506088	0	0.0893138989993733	0	0	0	0.163882962843663	1.1322686690361
TCGA-AB-2844	0	0.0720021616467915	0.670035075324134	0.129944673762482	0.114823634531574	0	0.0131944547350176	0	0	0	0.551900677651933	0.87347065374428
TCGA-AB-2830	0.0147300801037703	0.213943882237966	0.35655908376751	0.272378904903659	0	0.0938407617444804	0.0344464812725146	0	0.0141008059700997	0	0.76615668866494	0.642735373397495
TCGA-AB-2862	0	0.0518919786092865	0.528111392478116	0.171849588566938	0.24814704034566	0	0	0	0	0	0.698836802533701	0.714263710622319
TCGA-AB-3002	0	0.0925984242684318	0.330201303521114	0.0445726785933469	0.301829606493077	0	0	0	0.230797987124031	0	0.424221335954431	0.922790577564661
TCGA-AB-2817	0	0.0721396472881028	0.536751666450501	0.109223832520428	0.141265578662996	0.111920176665767	0	0	0.0286990984122045	0	0.591771226228106	0.815848673962385
TCGA-AB-2865	0	0	0.399536722030766	0	0.228799102953241	0	0	0.277196327120618	0.0944678478953751	0	0.310902387014867	0.982315299019456
TCGA-AB-2810	0	0.0985315311518085	0.256291498620662	0.10083531060767	0.544341659619859	0	0	0	0	0	0.51854793848445	0.862965636897023
TCGA-AB-2838	0	0.13121612808069	0.39913906919936	0.297586296717292	0.172058506002657	0	0	0	0	0	0.368784668120606	0.969166376108648
TCGA-AB-2868	0.0961810376115296	0.135010128738264	0.451566279722476	0.209456138087177	0	0.0728689399320781	0.0349174759084749	0	0	0	0.729946227857985	0.684073967304153
TCGA-AB-2837	0	0.150628350271346	0	0.136001741590051	0.472321059858934	0.141046185211007	0	0	0.100002663068662	0	0.0225138285674588	1.13967613968541
TCGA-AB-2860	0.0188084603618071	0.219509292614274	0.21293742961414	0.310612695281936	0.212045801775482	0	0.00270911523229849	0	0.0233772051200617	0	0.283139306865628	1.0183610373285
TCGA-AB-3005	0.0459244866863808	0.000490430995083396	0.311447172858163	0.302165747626775	0.32945664194472	0	0.0105155198888776	0	0	0	0.159252937843853	1.06598377274828
TCGA-AB-2824	0.0304393312590988	0.306636242366326	0.0192219749605281	0.312900417453414	0	0.0540632930029314	0.268714871609181	0	0.00802386934852091	0	0.76435227583869	0.666704955412216
TCGA-AB-2843	0.134441590273179	0.19171542106213	0.0225268783555346	0.40938629420175	0	0.0282551209962596	0.180268504891472	0	0.0334061902196745	0	0.797407176508249	0.60410907518473
TCGA-AB-2855	0	0.0334326809079301	0.414588687497382	0.00484546475350748	0.494739975776458	0	0	0	0.052393191064723	0	0.563002365534794	0.835383176667444
TCGA-AB-2832	0.186492668811059	0	0.000596760245996742	0.180616178323636	0.599012781691056	0	0	0	0.0332816109282528	0	0.179002348533708	1.06984441865608
TCGA-AB-2857	0.0149789381844996	0.123188608633369	0.317823906022978	0.260452867841553	0	0.0644462435840455	0.219109435733556	0	0	0	0.785872035719525	0.618091128154601
TCGA-AB-2861	0.166672443915484	0	0.0676356701108664	0.140733617037699	0.62495826893595	0	0	0	0	0	0.0384233175229838	1.15773478196548
TCGA-AB-2835	0.0360074168561745	0.0129369856770632	0.122841946647489	0.190049644086881	0.603070341578309	0	0	0	0.0350936651540844	0	0.0598100113369752	1.12342760040885
TCGA-AB-2851	0	0.0241600012932917	0.201128503624717	0.119031170639154	0.655680324442837	0	0	0	0	0	0.122123755675681	1.11095311708542
TCGA-AB-3008	0.0379835945171833	0.122299223238129	0.228231570939509	0.247393632834006	0	0.124296993542958	0.229477958672216	0	0.0103170262559992	0	0.803622855234253	0.594985841227373
TCGA-AB-2859	0.147897478886579	0.0829600975888416	0.0392542921538511	0	0.521270950242396	0.0100170305319029	0	0.198600150596429	0	0	0.462594431945391	0.896785140472156
TCGA-AB-2813	0	0.0921441446101472	0.396115442674245	0.238201955717277	0.262617338639478	0	0.0109211183588538	0	0	0	0.156603981761563	1.09892591962847
TCGA-AB-3009	0	0.0236732678463217	0.476731658921826	0.0141814522928796	0.485413620938973	0	0	0	0	0	0.676969761618997	0.736668292163897
TCGA-AB-3001	0	0.0639536802033837	0.554860688298752	0.200153692323311	0.108937499838957	0	0.0720944393355958	0	0	0	0.837916401100047	0.550613428259462
TCGA-AB-2856	0	0.0210459381276441	0.598787426879135	0.103816596295629	0.259682950610483	0	0.0166670880871087	0	0	0	0.584721978453196	0.82698173192187
TCGA-AB-3007	0	0.0970200631453295	0.423495183748641	0.213808061149227	0.230935953185995	0	0.0347407387708065	0	0	0	0.640819310730769	0.767497880895719
TCGA-AB-2823	0	0.0206655485283305	0.41131270270909	0.0491554345874725	0.498487874839505	0.0176047019175745	0.00277373741802793	0	0	0	0.657162384485753	0.753354111926297
TCGA-AB-2940	0.157671639410793	0.177971300655383	0.35418723675584	0.229568403771374	0	0.0425375033890333	0.0380639160175768	0	0	0	0.765285839456651	0.643936748145484
TCGA-AB-2938	0	0.149325188040298	0	0.0550653653011738	0.110650456690827	0.00710772342562519	0.677851266542076	0	0	0	0.781297943670024	0.80576925922182
TCGA-AB-3000	0	0.0238108455761135	0.560641895141776	0.167834917069959	0.137060804534662	0.0599156035834028	0.0507359340940878	0	0	0	0.743819805397558	0.667621726519301
TCGA-AB-2954	0	0	0.486649443773273	0	0.473757627991686	0	0	0.0395929282350402	0	0	0.354286850641802	1.00076248479308
TCGA-AB-3006	0	0.234235797839451	0.265621241706708	0.256375587859794	0.205730388906682	0.0091735383996136	0.0288634452877515	0	0	0	0.396001497898662	0.963996717593334
TCGA-AB-2899	0.0807338455340284	0.209456340528906	0	0.344506257767512	0.0941604067849324	0	0.00609281535206182	0	0.26505033403256	0	0.122900129671232	1.07663201588321
TCGA-AB-2825	0.0834295191325312	0	0.140444647296011	0.0638916807614689	0.712234152809989	0	0	0	0	0	0.0620938676193734	1.15997565880892
TCGA-AB-2948	0.0540672215257981	0.114706934204753	0.522198043060376	0.212439599054747	0	0.0759980870137747	0.0205901151405504	0	0	0	0.525968279543756	0.881934126712654
TCGA-AB-2941	0	0.0700986613203582	0	0	0.505693834206618	0	0.0332543638047133	0.390953140668311	0	0	0.136248386743033	1.05836778183576
TCGA-AB-2935	0	0.143292848634742	0.459223064488948	0.18064447433325	0.216839612543059	0	0	0	0	0	0.236007555892346	1.08318160978926
TCGA-AB-2931	0	0.0966444461550799	0.158942904504508	0	0.507835781856259	0	0	0	0.236576867484153	0	0.587905907342027	0.808104695676639
TCGA-AB-2910	0	0.0207228840807602	0.522190556764166	0.0925806368913096	0.364505922263764	0	0	0	0	0	0.544789299596197	0.853808250218797
TCGA-AB-2927	0.212811597643544	0.180337210161479	0	0.208503562960756	0	0.076484441927962	0	0	0.321863187306259	0	0.547467620608146	0.837292974318517
TCGA-AB-2932	0	0.0225532158422193	0.367963599152648	0.232632108111733	0.3768510768934	0	0	0	0	0	0.100000253209012	1.11269802627439
TCGA-AB-2908	0	0.121413444361947	0.544026259647318	0.204721534705635	0	0.0374066622720137	0.0924320990130869	0	0	0	0.781090738451295	0.624719426585459
TCGA-AB-2939	0	0.188289577183697	0.408289140951263	0.248104690827513	0.0631614949065783	0.0921550961309494	0	0	0	0	0.626820312114874	0.782162896593475
TCGA-AB-2915	0.136494448484468	0.186485895269126	0	0.39487010509453	0	0.0874388303923451	0.169501699664408	0	0.0252090210951235	0	0.736274219865746	0.675944174548786
TCGA-AB-2919	0	0.0369503007897101	0.483987635840983	0.161133897988771	0.275554716777569	0	0.0423734486029668	0	0	0	0.774651246467843	0.636784635945743
TCGA-AB-2918	0	0.0777651949670617	0.349394777364263	0.0165900493955073	0.556249978273168	0	0	0	0	0	0.517335846312673	0.87381517972438
TCGA-AB-2930	0	0.194474602532979	0.469875396863891	0.0916306181737512	0.201774258864175	0.042245123565204	0	0	0	0	0.693912285692703	0.725217343028993
TCGA-AB-2921	0.12287091856828	0.0642073747678881	0.0650758181988197	0.117158447575676	0.502600346048423	0	0	0	0.128087094840913	0	0.185714093979084	1.05720532242946
TCGA-AB-2924	0.139776201636925	0.12072224420912	0.237563611698985	0.259636848356005	0	0.128040321461739	0.0875325319792343	0	0.0267282406579924	0	0.161379573985634	1.12299328482644
TCGA-AB-2928	0	0	0.374356999084656	0	0.449451983645321	0	0	0.176191017270023	0	0	0.691780454757493	0.724535188653938
TCGA-AB-2936	0.102916412987674	0.174067516527813	0	0.171367344027234	0	0.176695799528143	0.202325624034981	0	0.172627302894155	0	0.727897721262505	0.684812403098816
TCGA-AB-2943	0.1037576924055	0.274209470518183	0	0.280500935651652	0	0.14009871795342	0.134221820787999	0	0.0672113626832464	0	0.701867478531981	0.714967606200994
TCGA-AB-2934	0.250221076115416	0.112119114406391	0.389230247910324	0	0	0.174828276563378	0	0	0.0736012850044909	0	0.566866275270272	0.859779715632535
TCGA-AB-2944	0	0.0653375630972717	0	0	0.00075900334954221	0.499005083394182	0	0.0495178926844554	0.385380457474549	0	0.498570857848548	0.867248985202691
TCGA-AB-2946	0	0.0207535815440836	0.608916432331599	0.120327802952379	0	0.19016087318351	0.0598413099884295	0	0	0	0.605589328875708	0.811421373005404
TCGA-AB-2956	0.0724740843011931	0.00322174141988071	0.017795471955276	0.166317760274269	0.721190115473594	0	0	0	0.019000826575787	0	0.17489670308336	1.0764330815824
TCGA-AB-2882	0	0.354479378864161	0.316700741289076	0.22473205733686	0	0.104087822509904	0	0	0	0	0.861561425669676	0.508658107217309
TCGA-AB-2909	0	0.0310268764170827	0.448123971412002	0	0.370716445213218	0.0920441457437277	0	0	0.05808856121397	0	0.533311976749865	0.861024558715133
TCGA-AB-2988	0.0819029667956777	0.0648871699670276	0.264186821170531	0.122301952577804	0.464031609487401	0.00268948000155894	0	0	0	0	0.402566081861221	0.945420662047447
TCGA-AB-2982	0	0.033816836755195	0.667759012072275	0.144109185781615	0.121995230989861	0	0.0323197344010543	0	0	0	0.752046094521718	0.659633475626185
TCGA-AB-2888	0	0.0465391596946958	0.515058106514617	0.125488569797143	0	0.312914163993544	0	0	0	0	0.163834861880154	1.12096607163851
TCGA-AB-2990	0	0.0434447260074381	0.485692561334133	0.0517713068050935	0.419091405853335	0	0	0	0	0	0.627972920144488	0.782593068625058
TCGA-AB-2845	0	0.0360206101282513	0.585870812553565	0.132861644908949	0.188496083374451	0.0172481252699888	0.0395027237647945	0	0	0	0.760681661026422	0.648215665570667
TCGA-AB-2949	0	0.0187273837054303	0.300352030594995	0.120868696949149	0.250022314082451	0.0259156733189419	0.0514974791172567	0	0.232616422231776	0	0.277379015447925	0.999819880341328
TCGA-AB-2981	0.0136444581444702	0.17802734710554	0	0.205278407197222	0.324585864731381	0.236832631697546	0	0	0.0416312911238405	0	0.0157437583949929	1.1428694455813
TCGA-AB-2999	0	0.0918971808421066	0.574407270210787	0.208789525923203	0.124906023023904	0	0	0	0	0	0.770355217653099	0.637348455255258
TCGA-AB-2896	0	0.112851955700123	0.0226687906422028	0	0.814474726606877	0.0500045270507971	0	0	0	0	0.333090975469033	1.0053816665459
TCGA-AB-2952	0.0344508305538601	0.284375927068261	0.257862341572298	0.320726383841012	0	0.043082082409042	0.0479728878701769	0	0.0115295466853501	0	0.788310603052143	0.614822137813473
TCGA-AB-2920	0.0204820462806345	0.0388202039429514	0.535891262186964	0	0.40480648758945	0	0	0	0	0	0.56555729386322	0.847655243783473
TCGA-AB-2841	0	0.200104370771563	0.571816074221723	0.224088133513708	0	0.00399142149300604	0	0	0	0	0.849427883962326	0.527394692909191
TCGA-AB-2811	0.125939293744403	0.0166506345866772	0.440459917894831	0	0.404398228787086	0	0	0	0.0125519249870024	0	0.220818341763888	1.10477322583652
TCGA-AB-2979	0.0818626355603435	0.0768335290123439	0.265151706455979	0.260541588079003	0	0.101532441598531	0.206850225641589	0	0.00722787365221002	0	0.823318279030389	0.570829100216485
TCGA-AB-2977	0.265751957075806	0.0858645697667943	0.364615743615043	0.24840284540883	0	0	0.0229861055174446	0	0.0123787786160825	0	0.549484031246185	0.86152178256103
