Mixture	AML_blast	CMP	GMP	HSC	LPC	LSC	MEP	MPP	RApos	P-value	Correlation	RMSE
GSM923596	0.198798801485139	0.0953803171713096	0.215459035593465	0.24116346232029	0	0.0279146921042133	0.16372809366317	0	0.0575555976624124	0	0.81231759640446	0.583462450871028
GSM923597	0.125582171314229	0.0693038579048146	0.171873205844846	0.176846120099394	0	0.178678825482966	0.144063149168679	0	0.133652670185071	0	0.796933763111509	0.618470392269073
GSM923598	0.137796649137449	0.118542533689247	0.262926983724802	0.195912727189877	0	0.0425792655864132	0.130072366589141	0	0.112169474083071	0	0.814086550651602	0.583187617774536
GSM923599	0.169759437879525	0.253230521633826	0.0312153028825429	0.200350105785259	0.153579940964506	0.159510250063775	0	0	0.0323544407905657	0	0.61867669122094	0.787375575174939
GSM923600	0.0048545093808088	0.0122970921015046	0.31718948177665	0.000788137191470999	0.000178792840128346	0.223617553623788	0	0	0.441074433085649	0	0.521865536769171	0.853349081768773
GSM923601	0.264063410607844	0.0644510058984733	0.0714610387822631	0.201969707402239	0.138726128612791	0	0.177848912076872	0	0.0814797966195173	0	0.734769219820662	0.677227023538461
GSM923602	0.0379619718671973	0.0921540489988437	0.0273600661544826	0.32203474559861	0	0.21758628389568	0.294762283818241	0	0.0081405996669453	0	0.627584438719241	0.782558321138067
GSM923603	0.0819034041312036	0.0594901315557489	0.421094988962142	0.231902188226726	0.187663756268174	0.0134002877343244	0.00454524312168194	0	0	0	0.566614003651614	0.829303664081596
GSM923604	0.0764360400310246	0.0500187649412722	0.146732818454403	0	0.00408406704771423	0.162883104329702	0.161417011119408	0	0.398428194076476	0	0.498918444511829	0.872455433210305
GSM923605	0.0427850456985519	0.21558961206087	0	0.268380796507889	0.232852234293013	0.214688863776063	0	0	0.025703447663613	0	0.493887769485387	0.871958401829354
GSM923606	0.238275087510486	0.113372336581067	0.08247191821845	0.297870517162932	0	0.000178829296639731	0.113833722296755	0	0.15399758893367	0	0.72773902005525	0.686204793122437
GSM923607	0.121888834926803	0.132914561143942	0.306479654613416	0.0776801359657571	0	0.112934624936161	0.124017474675571	0	0.124084713738351	0	0.751392278019577	0.66012826821869
GSM923608	0.22130071167748	0.0580780753489821	0.180569438122886	0.353862580649041	0	0	0.186189194201611	0	0	0	0.716236643281119	0.697568552113772
GSM923609	0.0560126709112238	0.243031931851257	0.10678956874287	0.372637555722549	0	0.025072385502403	0.196455887269697	0	0	0	0.731217730677628	0.687351432817046
GSM923610	0.149679305638291	0.243421105214994	0.0860739621052592	0.271233628960859	0.0959686449021349	0.102190933152464	0	0	0.0514324200259987	0	0.61116447128188	0.791866902154415
GSM923611	0.273547446566291	0.267926939633072	0.184419553390213	0.274106060410424	0	0	0	0	0	0	0.779703011998896	0.627701424172988
GSM923612	0.150646575817991	0.32273308118291	0	0.365199582128012	0.0748850348814086	0	0.0163785710528792	0	0.0701571549367993	0	0.703721658149973	0.709242463443818
GSM923613	0.318939916221106	0.308714309569598	0.0206216913220642	0.276862178752372	0	0	0.0541983701110928	0	0.0206635340237661	0	0.727161922131168	0.704392860149395
GSM923614	0.149409255172949	0.384816297835844	0	0.287101032215929	0	0	0	0	0.178673414775277	0	0.762178267077116	0.646100480156016
GSM923615	0	0.312587394879118	0.029796924667888	0.319092634120445	0	0.137853217993924	0.184690459041406	0	0.0159793692972185	0	0.754598966043096	0.658335427660794
GSM923616	0.132862853093146	0.179483662391656	0.0843522791484988	0.361628652535602	0	0	0.241672552831097	0	0	0	0.685146517252127	0.745171825555845
GSM923617	0.173903359379339	0.0570613242882553	0.197145754557522	0.193174737088577	0	0.24944053983658	0.0477600427899701	0	0.081514242059756	0	0.469637953580495	0.89314374320233
GSM923618	0.0932780835455153	0.203547260856998	0.297160211186558	0.34683345899863	0.0274509148112642	0.0127470859480419	0	0	0.0189829846529933	0	0.77729911815006	0.633271425367166
GSM923619	0.0872832448443505	0.151118338571926	0.308122660020723	0.315669349787365	0.053261424157392	0	0.0328681513223733	0	0.0516768312958701	0	0.776698580715785	0.63675649688505
GSM923620	0.0774619526709197	0.128212870399851	0.376390259373398	0.34275069633574	0.0751842212200909	0	0	0	0	0	0.706158733917032	0.707592300776741
GSM923621	0.178688221127474	0.0235507583881036	0.406293043339552	0.212793951334481	0.0974457178585277	0	0.0812283079518613	0	0	0	0.823708230896706	0.572074892738173
GSM923622	0.134704295364067	0.145678838485049	0.347702492165863	0.222642031793048	0.149272342191974	0	0	0	0	0	0.745432204274597	0.665833491105463
GSM923623	0.118213619542338	0.281828859559116	0.192850583002731	0.283305935735471	0	0.0633549979557454	0	0	0.0604460042045987	0	0.775913822140981	0.631037739707586
GSM923624	0	0.104237198121899	0.31172847136349	0.113076209081911	0.187181664156463	0.0634470212347191	0	0	0.220329436041517	0	0.637004062956234	0.770813358728796
GSM923625	0.166579897563432	0.260173165171015	0.201849891601625	0.29189309206741	0	0.0290585103681803	0	0	0.0504454432283376	0	0.71786961751039	0.695534931071492
GSM923626	0.123321275792959	0.306946402675795	0.16469591713205	0.237039788803148	0	0.0994964869083633	0	0	0.0685001286876839	0	0.703566352962465	0.711355265901103
GSM923627	0	0.0561964740503763	0.221901904844037	0	0.343807645816699	0	0.0336993703766232	0.344394604912265	0	0	0.471067240468361	0.883314258672827
GSM923628	0.16746652079283	0.259758939821585	0	0.160479347060969	0.0521405195818586	0.169722271714493	0	0	0.190432401028265	0	0.574392949986239	0.820743451970762
GSM923629	0.303800911301951	0.345960772569479	0.0218848429851691	0.230116657471864	0	0	0.0776878092624131	0	0.0205490064091231	0	0.746709355832627	0.697473331269147
GSM923630	0	0.0277372733947641	0.247225762930532	0.099834455376819	0.068941784964987	0.224540444155382	0.192619839756481	0	0.139100439421036	0	0.631023725925021	0.774539866741134
GSM923631	0.111963863404593	0.185513776773758	0	0.30882790329942	0	0.111036559845115	0.19164300927403	0	0.0910148874030842	0	0.642996549134419	0.769253578258241
GSM923632	0.0992532569726939	0.150055326598063	0.08039321116956	0.277597761646381	0.00502576319789296	0	0.0754041375424664	0	0.312270542872943	0	0.68451504764193	0.736507169703183
GSM923633	0.133041428663407	0.155833225104245	0.0569853343598482	0.269931310999844	0	0.0120116156438508	0.171738103253392	0	0.200458981975413	0	0.711995991319979	0.700748679937547
GSM923634	0.337998358907256	0.284558087094032	0.120584990407326	0.256858563591385	0	0	0	0	0	0	0.736452155236614	0.687984347808245
GSM923635	0.110586032244906	0.328050143072633	0.150577251463373	0.239283600269372	0	0.0517454232174248	0.059191234609609	0	0.0605663151226809	0	0.761258318876965	0.651317733435915
GSM923636	0.137694012120742	0.0903132103719971	0.27363582404433	0.304415144783475	0	0.0136659336361283	0.180275875043328	0	0	0	0.735714349613937	0.677790623902441
GSM923637	0.0967999804122649	0.318927739535438	0.0953971690965516	0.312429373542709	0	0.0269816786507245	0.0755278603505001	0	0.0739361984118116	0	0.66664333264074	0.754075720393947
GSM923638	0.0643381653677159	0.125288839097798	0	0.201567970215463	0.105504450465727	0	0.480649024493213	0	0.0226515503600823	0	0.655449185644742	0.838192353884737
GSM923639	0.128016990611126	0.235215618974276	0	0.175216122542402	0	0.112182921695328	0.232766916965175	0	0.116601429211693	0	0.72654332462448	0.69941086549336
GSM923640	0.260814749296319	0.342678628164067	0	0.12087834992443	0	0	0	0	0.275628272615185	0	0.753355843738855	0.657879776561455
GSM923641	0.313838289008805	0.189416664840873	0.238570835540088	0.133347675769928	0	0	0.0940420354989561	0	0.0307844993413504	0	0.794605226689861	0.620060739763065
GSM923642	0.0726603005793263	0.132561564941512	0.39660102248759	0.275421674449801	0.12275543754177	0	0	0	0	0	0.677602624122734	0.734130105829486
GSM923643	0.226797665947493	0.126713044557263	0.280705998021074	0.256662690064952	0	0.0200873957376163	0.0656155471999142	0	0.0234176584716867	0	0.788931089455824	0.614119742775566
GSM923644	0	0.00475093363175907	0.464589829115166	0.0768411116956004	0.453818125557474	0	0	0	0	0	0.487054781591282	0.899874174772189
GSM923645	0.297281331207208	0.159910921346689	0.0530548418057747	0.360110308255877	0	0.00846732403784976	0.1211752733466	0	0	0	0.74818779616466	0.663527391245667
GSM923646	0.100161961601129	0.165053409572838	0.410327801401578	0.221471272801662	0.044601021844866	0.00131429421184858	0	0	0.0570702385660783	0	0.786711218816946	0.617407315222057
GSM923647	0.121982920206266	0.294234038351279	0.135314914720364	0.376318488085462	0.0560924717482162	0	0	0	0.0160571668884123	0	0.745081328502909	0.666386046945169
GSM923648	0.197302048535525	0.178022117396583	0.238980909946099	0.299477050891458	0.0133388897741116	0	0.0251434983815952	0	0.0477354850746274	0	0.807555938237943	0.594857233619237
GSM923649	0.194835121658654	0.136440092442612	0.166010240584651	0.369093575222553	0	0	0.0966048586990071	0	0.0370161113925234	0	0.773496281193018	0.636444792116227
GSM923650	0.0763354650064913	0.207353482343045	0.314179799928481	0.13870135728415	0	0.0872293172815566	0.054372401796594	0	0.121828176359682	0	0.791013313057675	0.611052987323019
GSM923651	0.374389676721205	0.089758230715931	0.0278244001363638	0	0	0	0.208835337315711	0	0.299192355110789	0	0.804749093329258	0.595178775776873
GSM923652	0.0939263223065921	0.433777972519579	0	0.244600104204081	0	0.091152422964063	0.016103855487621	0	0.120439322518063	0	0.677251167740624	0.747292129290936
GSM923653	0.253599485681545	0.392685887503762	0	0.20885973905117	0.03891903884108	0	0.0234154972394878	0	0.0825203516829558	0	0.778399768211609	0.638392108030436
GSM923654	0.112623387551686	0.438121660991645	0	0.236836799061308	0.0486686661110739	0	0.0438504888920761	0	0.119898997392211	0	0.680539829408284	0.754995817127616
GSM923655	0.0381776683678377	0.207017616103348	0.336314933177107	0.122738652969232	0	0.175022642787092	0.0569953773950189	0	0.0637331092003639	0	0.797468504401185	0.602721685679459
GSM923656	0.0365882496473619	0.325994183965304	0	0.257593876044647	0.114280464871085	0	0.208737594478169	0	0.0568056309934331	0	0.731401240307772	0.696563130359671
GSM923657	0.197247626746932	0.0317804298724143	0.393858519160933	0.22715789620727	0.0850844248720082	0.0648711031404429	0	0	0	0	0.60823660683682	0.795793743706428
GSM923658	0.126773574901206	0.13624409770799	0.0497592598106471	0.336778515608866	0.123162362754821	0	0.169807233483284	0	0.0574749557331853	0	0.710841673128128	0.702489873013173
GSM923659	0.304005764511958	0.0480825306957223	0.276514445556717	0.20953210103564	0	0.0713476032350262	0.00161844201229621	0	0.0888991129526393	0	0.572668587964808	0.823968780985967
GSM923660	0.0418711915550046	0.0529194102532346	0.0752094942732058	0.273293525578399	0.111986483629561	0.17423584518167	0.0900789836342081	0	0.180405065894717	0	0.474624304569223	0.879154806665209
GSM923661	0.160885766366382	0.194146666741675	0	0.154626080293871	0	0.0628738202314301	0.20937291085243	0	0.218094755514211	0	0.775836640524251	0.63012063833132
GSM923662	0.196840827999767	0.282106260978248	0	0.330790306393291	0	0	0.144035416851872	0	0.0462271877768222	0	0.744457549675401	0.675787011444738
GSM923663	0.0649521307448123	0.221484060530127	0.113984772452822	0.162895119570998	0	0.350842059597966	0	0	0.0858418571032745	0	0.4808533452914	0.887902807930834
GSM923664	0.139576416480623	0.170332256691459	0.28269317448052	0.244149328532765	0	0.0630769368079757	0.0408963504802396	0	0.0592755365264177	0	0.806873712270272	0.595119236162135
GSM923665	0.1887632303021	0.305260437472241	0	0.290736928044325	0	0.0621075563079144	0.1215195827777	0	0.0316122650957194	0	0.66756958452977	0.766441151076846
GSM923666	0.0327500043314179	0.171531588922487	0.240711891779929	0.32929217896563	0.0414974178517382	0.017028611119478	0.16718830702932	0	0	0	0.794025363002428	0.607465529914225
GSM923667	0.125947920232241	0.170053326382393	0	0.186005549693708	0.0712680820650517	0	0.188918839059168	0	0.257806282567439	0	0.780491389494152	0.627564296641368
GSM923668	0.267287968113086	0.0553317027776846	0.294746469689229	0.155106890367591	0.0267988285855438	0.0772989028655744	0.0413155346586895	0	0.0821137029426013	0	0.599049675916477	0.807233461972394
GSM923669	0.131793023526371	0.391136467622338	0.0593503137563175	0.231158276103299	0.0457786920397511	0	0	0	0.140783226951924	0	0.758961916023451	0.651216138668922
GSM923670	0.166355562749058	0.0818871109089305	0.00725405321968871	0.0232238538228899	0.0221264552305322	0	0.0768034011270895	0	0.622349562941811	0	0.658043533384203	0.763934120805878
GSM923671	0.249167445705986	0.139568861464102	0.0666182871721172	0.393035977896767	0	0	0.101639234671047	0	0.0499701930899807	0	0.696982561811305	0.715698291223175
GSM923672	0.080653506611914	0.316066135901147	0.228867656927662	0.233333200174675	0	0.0287423579440664	0	0	0.112337142440536	0	0.785344778535941	0.618060659138336
GSM923673	0.165415970341417	0.26770964665792	0.0214496614391436	0.389938799545961	0	0	0.00370520725348885	0	0.151780714762069	0	0.693384933743373	0.720440705462767
GSM923674	0.0845567772688691	0.268978883864554	0.214624274053476	0.181913689745307	0.113232648095912	0	0.0309654106674556	0	0.105728316304427	0	0.811137980556557	0.586744554577734
GSM923675	0.0682520619497626	0.0821293876944394	0.0902689417330569	0.345523165193559	0	0.0301770016823943	0.383649441746788	0	0	0	0.736354757418147	0.689337843949702
GSM923676	0.10597116926147	0.342354846678098	0.110687825097437	0.376361094896238	0	0.064625064066757	0	0	0	0	0.686273231749032	0.729012036828104
GSM923677	0.145838887515366	0.275901579564497	0.177480776235496	0.283895626283396	0.0449864695394657	0	0.0718966608617785	0	0	0	0.742276567935018	0.674434626318151
GSM923678	0.186284148936061	0.0284744883154316	0.013752802482647	0.346712763041263	0	0	0.424775797224597	0	0	0	0.763009303917457	0.663680002895287
GSM923679	0.124199265294787	0.331244188029963	0.037101867557952	0.201780489468329	0	0.0429837756131677	0.00102815143774424	0	0.261662262598058	0	0.781546974249651	0.627716535688353
GSM923680	0.233172041840566	0.315996821069766	0	0.260160196572287	0	0.11329754517661	0.0345431599201865	0	0.0428302354205849	0	0.751567786105506	0.660783986032021
GSM923681	0.178303066342673	0.305649092113335	0	0.268413990081199	0	0	0.247633851462793	0	0	0	0.776919416268692	0.673479885800644
GSM923682	0.0918779238294078	0.18644940270394	0.237124901572944	0.353067618400565	0.0507544264078713	0	0.0807257270852715	0	0	0	0.776729168103583	0.631102891597184
GSM923683	0.148643625893096	0.112452271379399	0.0918936703397537	0.371431259811458	0	0	0.275579172576293	0	0	0	0.726146348162902	0.693531807444588
GSM923684	0.0804047673971802	0.266509451477264	0.0836054323729452	0.279536153689856	0	0.0608808663033485	0	0	0.229063328759406	0	0.730247650136138	0.69104004237512
GSM923685	0.156050211980793	0.140148833492126	0.114095734639771	0.184405516856571	0	0.108548633506246	0.127972318228833	0	0.16877875129566	0	0.746603565880369	0.665915860599584
GSM923686	0.124128083320637	0.350155515586365	0.0660540174272658	0.178370411286739	0.04782865023627	0	0.0673578297581571	0	0.166105492384566	0	0.735345031842164	0.682461989219474
GSM923687	0.136625250431997	0.268792972128907	0.097980626524079	0.346144955429364	0.0278857184304495	0	0.0341618524428126	0	0.0884086246123912	0	0.725679668342096	0.686911282756571
GSM923688	0.129900890992441	0.367586127506899	0.115340742768374	0.265541487982902	0	0.0292119850647484	0.0030889545108443	0	0.0893298111737916	0	0.768053006963428	0.640358925040888
GSM923689	0.153599359238474	0.130955453770919	0	0.274092942246564	0	0.0359252620758433	0.191193210467032	0	0.214233772201168	0	0.760225315908113	0.652426631815004
GSM923690	0.255018894245419	0.151827578806749	0	0.370747673923889	0	0	0.176239628313371	0	0.0461662247105717	0	0.739769668546142	0.672789798721813
GSM923691	0.138594136930194	0.232611612439563	0.131738772861288	0.391317553682044	0	0	0.105737924086912	0	0	0	0.691965275353468	0.724986252517854
GSM923692	0.210785523893748	0.273534995524209	0.0971147883536181	0.360459360440516	0	0.0498631590182146	0	0	0.00824217276969401	0	0.725905193527447	0.686783647574308
GSM923693	0.11682994501668	0.314244473411509	0.134200381410935	0.329549855106011	0	0.0780000310058616	0	0	0.0271753140490042	0	0.664868583438253	0.749233034766712
GSM923694	0.212402664325868	0.222873443027512	0.0698420486248419	0.15588691957784	0.161201120901407	0	0.177793803542531	0	0	0	0.702233870593755	0.737808647779957
GSM923695	0.17992917748019	0.240631741911458	0.135222386076937	0.408555471119815	0	0.00619930730579058	0.0294619161058092	0	0	0	0.760004392316811	0.649862515346387
GSM923696	0.203343708263948	0.132083754411207	0.0117321526724062	0.255034030192932	0	0.0742549082516824	0.126953886840872	0	0.196597559366952	0	0.814383874931708	0.599679694394841
GSM923697	0.352341624673633	0.120137534076261	0.0396873157992653	0.265582726032941	0	0	0.2222507994179	0	0	0	0.670923094404518	0.776626302075004
GSM923698	0.0537578846889203	0.173415597962219	0.36718063399278	0.294348830578853	0	0.0252432738143795	0.0169813826658312	0	0.0690723962970174	0	0.717542073447968	0.695240629119217
GSM923699	0.222788081989688	0.0971461257304443	0.211756881010985	0.31904363302979	0.0413139002651007	0	0.0934981970347723	0	0.0144531809392198	0	0.759705200361916	0.650933563085652
GSM923700	0.112679882113856	0.238304509319968	0	0.195287056921243	0	0.00891155052127088	0.112433157982553	0	0.332383843141108	0	0.772264325966438	0.639994749633336
GSM923701	0.20791415854028	0.179793732791842	0.112424373887519	0.385320048763309	0	0	0.102733152572638	0	0.0118145334444116	0	0.733647190103205	0.678457131000515
GSM923702	0.163879509832931	0.18903243844353	0.221276418630014	0.370393761873168	0	0.00938941439114179	0.0460284568292155	0	0	0	0.778478110300361	0.629077399754238
GSM923703	0.135585089765437	0.249955428092376	0.136405914077944	0.302803327086913	0	0.0204021617155195	0.0351274831698683	0	0.119720596091942	0	0.651949641440592	0.758566120478907
GSM923704	0.153403704714409	0.107851526947419	0.209639723092433	0.370281394937927	0	0	0.158823650307811	0	0	0	0.771277838063695	0.636037729645002
GSM923705	0	0.0130484942756218	0.5750123888805	0	0.411939116843878	0	0	0	0	0	0.455245510659514	0.951430240469769
GSM923706	0.174064548288964	0.314505287938961	0.122763992732585	0.325165506190546	0	0.0612282371820329	0	0	0.00227242766691157	0	0.708848470885403	0.707474091194173
GSM923707	0.256038373248543	0.296518362992335	0.145715716030856	0.277791796761126	0.00817360748866288	0.0107440224881238	0	0	0.0050181209903534	0	0.736197055715743	0.682388601217943
GSM923708	0.113480751981049	0.250953151459557	0.190788312893207	0.224370333616737	0.220407450049451	0	0	0	0	0	0.598158359344832	0.809702462829568
GSM923709	0	0.247284627374794	0.169208727567293	0.2139631738457	0	0.123839715419329	0.120346525380881	0	0.125357230412003	0	0.762996710318285	0.645725656398916
GSM923710	0.0419427312128273	0.143502987698407	0.0156397247534376	0.0410973386713547	0.235204855832546	0.173960428403742	0.0742594615699089	0	0.274392471857776	0	0.505400211362061	0.864023147335184
GSM923711	0.308714180049394	0.171048346792467	0.0573654795676077	0.263197112094669	0.0712927584991385	0.0662639113145212	0.0199183840420761	0	0.0421998276401269	0	0.572152599855106	0.829009537835464
GSM923712	0.0963113242751024	0.188573571066364	0.166889276316583	0.201150299793082	0.129155525387489	0.0397435309932728	0.0890352606286362	0	0.0891412115394703	0	0.593599415271388	0.810890716890801
GSM923713	0.0539796365877784	0.14183347520396	0.290616140494217	0.280376529392493	0.104853446727447	0.0648448963258295	0.0280296998636942	0	0.0354661754045811	0	0.558067888699485	0.83258154645991
GSM923714	0	0.244134575320709	0.20310352210396	0.0699815074269512	0.323407591202961	0	0.00753625960778746	0	0.151836544337632	0	0.587721895632985	0.812215969370397
GSM923715	0.263363736617368	0.301623555288382	0.162986044847026	0.243698274008283	0	0	0	0	0.028328389238941	0	0.753013764376916	0.664561979736955
GSM923716	0.198957472620305	0.128518092891144	0	0.282407629006087	0	0	0.138500837537839	0	0.251615967944625	0	0.77399925714375	0.643658282370224
GSM923717	0.223088224748055	0.174290394341768	0.103685465891418	0.266078671917288	0	0.0783519640594112	0.058567392024501	0	0.0959378870175579	0	0.728398806744803	0.684601191675748
GSM923718	0.204161439322535	0.200656310453178	0.143903050793491	0.361126682761572	0	0.0692522257329369	0	0	0.0209002909362878	0	0.697683445699136	0.715494918915795
GSM923719	0.196230736545281	0.13738712156422	0.201006764797681	0.360610424392427	0	0.0524886879452351	0.0522762647551561	0	0	0	0.747572815898353	0.665943014672503
GSM923720	0.180386326556784	0.141762145378219	0.16082446384789	0.236382477700932	0.107244818474059	0.165125202144093	0.00827456589802278	0	0	0	0.514583536862282	0.866607688747128
GSM923721	0.331923965332229	0.105517999856182	0.168326746669927	0.259261196605935	0	0.0404382792508168	0.066541402224773	0	0.0279904100601378	0	0.76905054954607	0.63867117871222
GSM923722	0.337612746919169	0.344202667305101	0	0.214317693494194	0	0.0256646870270805	0.0378217143687067	0	0.0403804908857484	0	0.737553789243002	0.699471505726369
GSM923723	0.243253393611819	0.105179313365018	0.204642020421854	0.24267951772672	0.149403078944376	0	0.0548426759302135	0	0	0	0.627518279163333	0.781558295449241
GSM923724	0.175943368148571	0.183420485600651	0.292088649074658	0.300783766394067	0.00373198957457474	0.00121221839273871	0	0	0.0428195228147393	0	0.728897834466525	0.683321835038245
GSM923725	0.228267998083007	0.119306133518493	0.154206039214945	0.274230112321936	0	0.0226484670123204	0.100439051298897	0	0.100902198550402	0	0.786794467079277	0.621074385810663
GSM923726	0.175638005191986	0.302538251908812	0.0765209984859523	0.42191675482962	0.0228071368092688	0	0	0	0.000578852774360647	0	0.691339945393684	0.722325056856516
GSM923727	0.224592926561005	0.15822796887265	0	0.180035148725516	0	0	0.188670430027162	0	0.248473525813667	0	0.719047566628661	0.695453376039124
GSM923728	0.206828611858775	0.165969948207601	0	0.432139957409147	0.0108001942852916	0.020500990724958	0.0744213368108181	0	0.0893389607034094	0	0.530728574131335	0.852030658563839
GSM923729	0.126011079790109	0.291053827229763	0.118513906917414	0.307518040439095	0	0.0750011384601319	0	0	0.0819020071634876	0	0.695788204079477	0.71688192640494
GSM923730	0.344456198766218	0.165742517164345	0	0	0.0630538020046572	0	0.162576867465255	0.089296298782853	0.174874315816672	0	0.771055635436715	0.642044424566803
GSM923731	0.107671667248594	0.193911153404283	0.0517466221911432	0.301868282534382	0.141705858646159	0	0.156119971184805	0	0.046976444790633	0	0.728338484336166	0.684033529367878
GSM923732	0.205561487249693	0.277375268358314	0	0.0817185277219512	0.148997114729842	0	0.0990762730636232	0	0.187271328876577	0	0.781016496418832	0.624430327858809
GSM923733	0.169401014061561	0.25180184034659	0	0.250950146588876	0	0.0201761350411294	0.0858426876229332	0	0.221828176338911	0	0.713022932009954	0.6996716105025
GSM923734	0.161915978342809	0.319466256596048	0.00980977217126209	0.323181055630188	0.0896803879482714	0	0.0571767577190937	0	0.0387697915923279	0	0.705709282495812	0.710977156569268
GSM923735	0	0.426788641909431	0	0.192453387499751	0	0.222844076342327	0.06567819709219	0	0.0922356971563004	0	0.585682616569216	0.839012912153263
GSM923736	0.136587388570023	0.122242648088991	0	0.0885931578986552	0.0585559953072137	0.0257175728298481	0.318425822939848	0	0.249877414365421	0	0.596990886619134	0.835953445455829
GSM923737	0.262875391396029	0.374809218696847	0.00979781983251239	0.187613180147908	0	0.0988209533626263	0	0	0.0660834365640779	0	0.718293706007863	0.710130242844773
GSM923738	0.188579607956635	0.214717099250474	0	0.311630726957961	0.0665879494339407	0	0.102912739987433	0	0.115571876413556	0	0.735420042959128	0.676734856187759
GSM923739	0.152697093713036	0.334293871978625	0.0932455267184442	0.237289971273616	0.00444358996214217	0.0616918432815299	0	0	0.116338103072607	0	0.750129659862383	0.660265767337574
GSM923740	0.139197661565368	0.126780276022513	0.253544334270663	0.173868077435845	0	0.301201765745141	0.0054078849604695	0	0	0	0.714268714316382	0.699708215927214
GSM923741	0.120732705513765	0.178688477128494	0.357891881943983	0.216294910336083	0	0.124069297943776	0	0	0.00232272713389962	0	0.755441488172688	0.654135597038406
GSM923742	0.347566162842393	0.158096550992328	0.0605221855401595	0.267281864508078	0	0.037738153521725	0.114985089659595	0	0.013809992935721	0	0.7620768765055	0.649797641485019
GSM923743	0.223378524816462	0.152027229545128	0.265294240822848	0.265058481541993	0	0	0.00207926221144508	0	0.0921622610621235	0	0.740857343258519	0.671423604505675
GSM923744	0.229827380367878	0.179277405775806	0.237290772694673	0.216655476667069	0	0.122649108799417	0	0	0.014299855695156	0	0.78410033147695	0.621384931511936
GSM923745	0.161381686374707	0.117573741115721	0.150086359307027	0.415885245121078	0	0.044803871114112	0.0668043546681543	0	0.0434647422991998	0	0.767282449215171	0.656970471321444
GSM923746	0.0091530866219873	0.0615886056967095	0.430669641229638	0.308475362853795	0.19011330359787	0	0	0	0	0	0.704434918833435	0.711735187293398
GSM923747	0.141059896567889	0.176457463654094	0.202005658748014	0.304454531316706	0.0980816840727352	0	0	0	0.0779407656405618	0	0.734742492033387	0.683685779461709
GSM923748	0.21081806614015	0.125687086856766	0.270733008820069	0.262953820276133	0.0822755565014422	0	0.0222782958610571	0	0.0252541655443823	0	0.728387329256581	0.684338279358182
GSM923749	0.190229147312201	0.198689116619597	0.238859192441037	0.346287202539632	0	0	0	0	0.025935341087533	0	0.778703182999132	0.629763656632797
GSM923750	0.12533512925397	0.18607346731162	0.364427067034958	0.253983794690813	0.0418558008982405	0.0283247408103992	0	0	0	0	0.732653784598301	0.679765243905433
GSM923751	0.135927289117841	0.165033531373134	0.244038996853166	0.360652367803947	0.0943478148519127	0	0	0	0	0	0.668306496794385	0.742539505907546
GSM923752	0.12484592890105	0.175815684579429	0.28258071453219	0.278180091091226	0.108358125285173	0	0	0	0.0302194556109315	0	0.798171734038454	0.611538257303843
GSM923753	0.0919887886887544	0.157270656664205	0.326211706845775	0.333703251235649	0.066202752567457	0.0158806650520171	0	0	0.00874217894614266	0	0.752674622543886	0.662135485340353
GSM923754	0.224306706717495	0.120035457103331	0.260938416249398	0.286703361552905	0.0715799709669685	0	0.0364360874099031	0	0	0	0.751416946184519	0.659759876322922
GSM923755	0.0634756204669091	0.13445427271019	0.346584347975251	0.353754072290891	0.0836460975181058	0	0.0180855890386531	0	0	0	0.74755057040139	0.668440603319651
GSM923756	0	0.166448595872571	0.270767422216755	0.316249230479441	0	0.208788197285288	0.0377465541459441	0	0	0	0.554829958304187	0.834166040900522
GSM923757	0.101771826242877	0.107073318625108	0.389377387427287	0.304208815455258	0.0477846938629924	0	0.0497839583864766	0	0	0	0.71572206052673	0.696971808483211
GSM923758	0.1263847433015	0.305784362964942	0.208313277590678	0.305927099351669	0	0.00812590295858366	0	0	0.0454646138326273	0	0.712710921965792	0.703098486208795
GSM923759	0.231752910254276	0.149364272722674	0.23037023680407	0.331992031205715	0.0205945906043516	0	0.0359259584089131	0	0	0	0.765940567946793	0.643273509494526
GSM923760	0.18245098966927	0.129542819663422	0.278662609417403	0.279562323552646	0.129781257697259	0	0	0	0	0	0.730762939339919	0.683253346459238
GSM923761	0.0672982465073887	0.112374559350491	0.451137631164384	0.264091313710762	0	0.0316330502160299	0.0734651990509441	0	0	0	0.792170806763778	0.609442316311299
GSM923762	0.0234173418313823	0.0865550584801883	0.566222063925341	0.244111253705168	0.0677353578706645	0	0.0119589241872554	0	0	0	0.78174279888747	0.622570914009273
GSM923763	0.0696714035213973	0.0860674705547468	0.501163601350098	0.273688335460085	0	0.0358175146632464	0.0335916744504267	0	0	0	0.784793856511408	0.619596591278903
GSM923764	0.164713614535784	0.0785663065273055	0.45203576197486	0.165958333954633	0	0.057589510068243	0.0811364729391743	0	0	0	0.776901308042663	0.630301940883266
GSM923765	0.0731778791482186	0.0540907339321556	0.472675336492466	0.190841049223727	0	0.0602528357987629	0.14896216540467	0	0	0	0.750322492673869	0.663598244984398
GSM923766	0.0370168823181741	0.0553321919276077	0.335345418094412	0.175732435749045	0	0.163990238213201	0.23258283369756	0	0	0	0.760042779848626	0.650050677319021
GSM923767	0.0599421569975446	0.130879319345203	0.481750808417541	0.299702069668934	0	0.0277256455707768	0	0	0	0	0.765940024302643	0.642206022614037
GSM923768	0.105240903708609	0.180864415731561	0.444300144883083	0.224234075370687	0	0.0453604603060596	0	0	0	0	0.767728235975973	0.640321202026343
GSM923769	0.145074958030845	0.0500993398941107	0.531676136521368	0.179882167882005	0	0.0352934875707058	0.0579739101009652	0	0	0	0.822409433045914	0.567991806279374
GSM923770	0.113927683581673	0.171314593594254	0.319488600753252	0.241169697454306	0	0.140886426089434	0	0	0.0132129985270796	0	0.781502710099443	0.627166755873344
GSM923771	0.126936110844253	0.0703790043479478	0.418797807845839	0.211125593163394	0.0212563597053923	0.0327072445927851	0.118797879500388	0	0	0	0.764150241684482	0.644804844689782
GSM923772	0.0387014528318466	0.144436606529842	0.359056342409213	0.264347350027653	0.168208827010557	0	0.00299846916020274	0	0.0222509520306853	0	0.741094349918292	0.673936400324576
GSM923773	0.125535726131214	0.0712592782444926	0.475763940079247	0.235560402210463	0.0254133175398585	0	0.0664673357947239	0	0	0	0.835014848744224	0.55186593406589
GSM923774	0.14926949726831	0.277473965161163	0.307464461925401	0.236441962019179	0	0.0293501136259467	0	0	0	0	0.723482010581808	0.698386339135487
GSM923775	0.00228325746771748	0.0806641337459848	0.503601016082818	0.223613194426731	0.182057199548953	0.000356812897201007	0.00742438583059479	0	0	0	0.766059095678176	0.643616613149011
GSM923776	0.0726622152444428	0.143618953775309	0.463546685125089	0.214019057136976	0.00744900698079543	0.0751228100573247	0.0235812716800634	0	0	0	0.798334370741219	0.601436996123751
GSM923777	0	0.00948624639027246	0.482628812017436	0.106898083095949	0.400986858496343	0	0	0	0	0	0.758010084347602	0.652859125926551
GSM923778	0.116223780974594	0.1533471217128	0.219511072148641	0.218228104365301	0	0.098297880422392	0	0	0.194392040376272	0	0.69649401744547	0.721694847734277
GSM923779	0.0952661126073177	0.0534185306281977	0.265901452818559	0.189988107309006	0.291474452210961	0.0702554907177706	0	0	0.033695853708189	0	0.569166637082126	0.821448935546598
GSM923780	0.0631058460602993	0.261889589972652	0.159937982873186	0.256005120110875	0.0295243748996965	0.0746120464356709	0.105580699148862	0	0.0493443404987574	0	0.768390895799712	0.639035794703524
GSM923781	0.196307256608002	0.0681555538289445	0.315469287883439	0.224598233771294	0	0	0.0222266144968907	0	0.17324305341143	0	0.762773954668559	0.655605869861177
GSM923782	0.238861675789557	0.195416907467049	0.260833225436981	0.255114031022624	0.00474796475694559	0.0175030835080224	0	0	0.0275231120188206	0	0.765482137376705	0.642509351358046
GSM923783	0.211716466761854	0.150364962858168	0.311279827838528	0.249408337436974	0	0	0	0	0.0772304051044763	0	0.752530958882224	0.657896376192656
GSM923784	0.168890090666751	0.237650921356214	0.182044389473693	0.261653606365533	0.0610993122338752	0.0246246043114674	0	0	0.0640370755924662	0	0.72385486913668	0.688725641722829
GSM923785	0.052260701352818	0.170653456550592	0.311060347339449	0.26930802912959	0.117184675044064	0.0503071815346747	0	0	0.0292256090488119	0	0.712605333360081	0.701857251476022
GSM923786	0.244254583296495	0.117753812479993	0.248067926544577	0.230221436699579	0	0.105975516967429	0	0	0.0537267240119262	0	0.752970436383384	0.660343999382997
GSM923787	0	0.202674447981473	0.27658555586293	0.12325826059278	0.31023846328911	0.0103841976413767	0	0	0.0768590746323296	0	0.59610232629308	0.805368907061067
GSM923788	0	0.145779511448423	0.256941170003726	0.189178469868732	0.295782220585359	0.0784832743809362	0	0	0.0338353537128244	0	0.584336336698541	0.810710624342321
GSM923789	0.0151613938863617	0.44388081055176	0.0655224818964488	0.252839036656553	0.00399452660741369	0.0931588666594867	0	0	0.125442883741977	0	0.667588851639696	0.752682571257876
GSM923790	0.196645193629788	0.0440969724765694	0.440442620832354	0.222736278096484	0	0.0796556035698188	0.0164233313949853	0	0	0	0.70084763560427	0.712590076776926
GSM923791	0.185465514018556	0.040031534120102	0.378231701076416	0.235054936829208	0.0903485255523888	0	0.0309518622083908	0	0.0399159261949381	0	0.791260028804082	0.619163604873783
GSM923792	0.0819272867343711	0.2981644362149	0.208269530691015	0.336781842825239	0.031269334426043	0.0104540566610373	0	0	0.0331335124473936	0	0.781574699856926	0.624248729331323
GSM923793	0.209821699360754	0.10634396577634	0.300010387069117	0.231269108892714	0	0.0427510598619422	0.0317977557517386	0	0.0780060232873942	0	0.770571642082724	0.63946961060836
GSM923794	0.0426177262837805	0.232014442888932	0.245466158171296	0.210182643437916	0.124375024262528	0.00964326587405557	0	0	0.135700739081493	0	0.63413077415596	0.772355019400676
GSM923795	0.203398076951382	0.249414310433044	0.182438910056169	0.26514405605766	0.0598211398607092	0	0	0	0.0397835066410363	0	0.702349000218231	0.712554256077265
GSM923796	0.00545382460419044	0.194230592787097	0.318806171352332	0.212800555804322	0.090851503566014	0.153058175983932	0	0	0.0247991759021127	0	0.665533988407945	0.744963706346864
GSM923797	0.121504021731807	0.0841594062649061	0.329033848080311	0.209733683711901	0.0887730696218236	0.0703944696603969	0	0	0.0964015009288531	0	0.737963805183023	0.681310162831644
GSM923798	0.17178142879595	0.124869144426038	0.168900587093039	0.291112309719623	0.00419026628148837	0	0.165964506472109	0	0.073181757211752	0	0.741592570206687	0.669838245307578
GSM923799	0.109107708107323	0.267998187325805	0.172367742243695	0.272087486928456	0.00638109072168006	0.0382370504088551	0	0	0.133820734264187	0	0.754534142997277	0.657726517463552
GSM923800	0.0981385555098874	0.279450988400871	0.227816759482404	0.260961489334461	0.00353672026931139	0.0694309232695325	0	0	0.0606645637335326	0	0.763490846103703	0.644976526230377
GSM923801	0.0477398542528407	0.31418230604819	0.0339067224711554	0.2433028522823	0	0.112667631268152	0	0	0.248200633677362	0	0.760738137567754	0.660966386612766
GSM923802	0.00831472163223242	0.195417677152015	0.218087855414203	0.148214897155903	0.0103775064680942	0.208151274407085	0	0	0.211436067770467	0	0.687728445589821	0.729504522572782
GSM923803	0.192710481767614	0.145983061610594	0.242336880213358	0.223041437435442	0.0252400200593073	0.00605816238739738	0	0	0.164629956526286	0	0.791388560559896	0.624352154790047
GSM923804	0.0767650502257815	0.167515722356097	0.302977118591933	0.217740726223965	0.00208299908526548	0.14214377577895	0	0	0.0907746077380074	0	0.72154744592421	0.693287292912793
GSM923805	0.323295630399292	0.170191193226573	0.173180747123782	0.266176225442034	0	0.0433577419249843	0.00364344098867699	0	0.020155020894659	0	0.775890466328617	0.630660350866004
GSM923806	0.0383778729563174	0.120064252397722	0.459752595288677	0.179915761036743	0.201889518320541	0	0	0	0	0	0.739075984877631	0.672281296184608
GSM923807	0.21936497566464	0.10840308562056	0.255057471874331	0.243491509682954	0	0.0940234304156477	0.0270266962078598	0	0.0526328305340084	0	0.750929961240673	0.662309640740501
GSM923808	0.214342655096247	0.0590147098640158	0.251049963516453	0.359581153382735	0.095982869195657	0.0200286489448919	0	0	0	0	0.486692672593171	0.880059412107022
GSM923809	0.266222163809204	0.276928396211413	0	0.16446387608516	0	0	0	0	0.292385563894222	0	0.696758493205933	0.716117463167846
GSM923810	0.173844360375705	0.13187289501031	0.158907178771391	0.309341234554145	0.0951588237981448	0	0.0586226512137413	0	0.0722528562765628	0	0.705641602389735	0.709595849347387
GSM923811	0.0617469102224745	0.00393909374560507	0	0.293727171252851	0.501241761477708	0	0.025347034198599	0	0.113998029102763	0	0.412258900741283	0.915312787938719
GSM923812	0.269229003376339	0.0677456387705117	0	0.237347028884739	0.185511930620105	0	0.223304898703486	0	0.0168614996448194	0	0.713187925442549	0.702604393331784
GSM923813	0.0148032252818376	0.0456581924934258	0.0391435514084522	0.212149916896278	0.453227926446329	0.00467229677946178	0.0204133530662156	0	0.209931537628	0	0.373964459904382	0.934666893992934
GSM923814	0.26555060486149	0.221592333232264	0.183226200092637	0.253819981887067	0	0.0133066968003285	0.0528436404421289	0	0.0096605426840852	0	0.719087236494142	0.702715806102174
GSM923815	0.201974140765069	0.191041737611492	0.210850299845958	0.221433576545581	0	0.102687959762554	0.00731233639357816	0	0.064699949075769	0	0.653709649732263	0.757885606137527
GSM923816	0.328172429918599	0.131993269482888	0.200856836485836	0.22278486397269	0	0	0.110368019178774	0	0.00582458096121334	0	0.74793609762627	0.671215918054978
GSM923817	0.25141891120894	0.0708608326864005	0.309587369927968	0.186684743853966	0.115905901105095	0	0.0655422412176308	0	0	0	0.66371841762582	0.752921519825345
GSM923818	0.198803753098	0.206260417522654	0.0718909151011844	0.373086998456069	0	0.0704471211570297	0.0704134947575979	0	0.0090972999074655	0	0.642146080655595	0.768391903954721
GSM923819	0.00823245064659834	0.375217561594533	0.14396332151523	0.258731912750418	0.0591061980271701	0.104682984215785	0	0	0.0500655712502659	0	0.611581909671462	0.80200510203389
GSM923820	0.207844143592859	0.0992590766088065	0.139916810558337	0.293910246571964	0	0.0879749629615555	0.125893646548522	0	0.0452011131579564	0	0.725734666555784	0.687216906119987
GSM923821	0.224192994502785	0.0617522786929646	0.286736498836024	0.262773882788644	0.0520028604481079	0	0.100226821726257	0	0.012314663005218	0	0.741200235333628	0.670155795697114
GSM923822	0.190358803757699	0.175913669073468	0.271596022492837	0.286410362682963	0.0320010325964587	0	0	0	0.0437201093965745	0	0.675269272639469	0.737078089408445
GSM923823	0.154601894606861	0.198040381532834	0.0825946148278418	0.326796982354917	0.110042587050955	0	0.0533755423811707	0	0.0745479972454198	0	0.651657908610755	0.756986783426885
GSM923824	0.196138329602163	0.0881331136111207	0.214533261089414	0.343464896766055	0.155995785720134	0	0.00173461321111352	0	0	0	0.573050378651522	0.818627623984047
GSM923825	0.271063348540934	0.0716482896009672	0	0.234284175758758	0	0.0530190063884228	0.283828615864987	0	0.0861565638459299	0	0.734460092141572	0.685515145561019
GSM923826	0	0.0614825271982521	0.443396624196781	0.265112612631668	0.221177536577442	0	0.00883069939585723	0	0	0	0.612497932100544	0.789963437391503
GSM923827	0.416847962736069	0.036102662898211	0.187581386402078	0.29259205256307	0	0.0608895380351566	0.0059863973654165	0	0	0	0.700958961895552	0.712094672645001
GSM923828	0.230912953903887	0.128437190801449	0.266777056800926	0.259693160733286	0.00178061462105349	0	0.0639609316811443	0	0.0484380914582549	0	0.687312743359154	0.727964484589672
GSM923829	0.192850973549133	0.116182860775243	0.126134293240221	0.344682641715576	0.171110856725144	0	0.0490383739946826	0	0	0	0.453071287208891	0.906869139100201
GSM923830	0.200920184227632	0.132358369377957	0.164501777681584	0.341188081337072	0	0.02323040384268	0.0732297915035486	0	0.0645713920295272	0	0.725502529752428	0.6885518255068
GSM923831	0.290102118637163	0.212038717340751	0	0.228049465875901	0.0208165973257255	0.115588853998509	0.00643504800045569	0	0.126969198821494	0	0.576459554318467	0.823001487046592
GSM923832	0.235207177140213	0.0839808844335758	0.24850253582293	0.301570307104936	0.104467746431594	0	0.0184021052632289	0	0.00786924380352302	0	0.616053822348241	0.787408931449366
GSM923833	0.0265492252212732	0.267175099118153	0.00593381524298265	0.179009680995981	0	0.446754587105485	0	0	0.0745775923161254	0	0.441253635412676	0.91263469868575
GSM923834	0.158833398079926	0.134528552538472	0.178771015338672	0.172630249728225	0	0.292944975842861	0	0	0.0622918084718442	0	0.464007176362691	0.900803735475992
GSM923835	0.198028050617224	0.0569704510341284	0.336219888449815	0.188900098594422	0.153073788948289	0	0.0668077223561206	0	0	0	0.601381378201665	0.80826241710933
GSM923836	0	0.252567974765039	0.189707134475123	0.315303315708463	0.0981191160180978	0	0.117597057779548	0	0.0267054012537293	0	0.698679979780931	0.716032555226587
GSM923837	0.0751854006864438	0.240853635488444	0.315589573522628	0.190657060732855	0	0	0.0701429992871924	0	0.107571330282437	0	0.808349386917648	0.587701502512219
GSM923838	0.323441751215821	0.275727497120981	0.0193687612950102	0	0	0	0.0516569256277076	0	0.32980506474048	0	0.815120915684207	0.578896022643542
GSM923839	0.249900171270947	0.0348160801439639	0	0.164132461565394	0	0.0295334763012524	0.318634832960126	0	0.202982977758316	0	0.74882642056083	0.66516143495432
GSM923840	0.117975284373273	0.174818463953462	0.144411792834499	0.228649047331354	0	0.024783335925108	0.0272738748827205	0	0.282088200699583	0	0.734111008937392	0.69107175862497
GSM923841	0.206994890864822	0.23228455578777	0.0285077940973473	0.278190780151153	0	0	0.174751807691576	0	0.079270171407331	0	0.769140074826729	0.643657093723958
GSM923842	0.0906746409019443	0.180613627863652	0.267704470265886	0.384883279953778	0.0514654008337991	0	0.0246585801809409	0	0	0	0.694414141037418	0.71841131144081
GSM923843	0.189826683864573	0.185431449889144	0.18378010803928	0.426007493003949	0	0.00171461107464156	0.0132396541284137	0	0	0	0.715071597679935	0.698791327462635
GSM923844	0.186689173329503	0.173286838399976	0.259753454474806	0.308779918673204	0.0167752990928536	0	0.0536230915156714	0	0.00109222451398626	0	0.768884962743935	0.638495244332765
GSM923845	0.307433187477792	0.380531859565497	0	0	0	0	0.0870522158053944	0.224982737151316	0	0	0.7962596766631	0.641482442511031
GSM923846	0	0.343419330163556	0	0.264295676687997	0	0.356032075699689	0	0	0.0362529174487583	0	0.436217264159929	0.92384803204294
GSM923847	0.134090700944617	0.239150138696091	0.141637910956875	0.410641045433122	0.0152225290618379	0	0.0592576749074569	0	0	0	0.680910388974981	0.73240520540392
GSM923848	0.188729367463836	0.131033789879841	0.221628108622761	0.370357929903952	0.0771536794328541	0	0	0	0.0110971246967549	0	0.637829008567517	0.768589924177377
GSM923849	0.00302235729791825	0.0976695504888846	0.431620203475083	0.252284192952879	0.17065940131671	0.010543985015474	0.0342003094530509	0	0	0	0.55863477568943	0.837898340023466
GSM923850	0.00467512566926224	0.0174568655504161	0.607398768849282	0.133040057179651	0.0474934239244237	0.00677249904112328	0.129566368404651	0	0.0535968913811902	0	0.776276711758722	0.631612199387244
GSM923851	0.30212511772773	0.227588924923572	0.135550746691709	0.320652056567284	0	0	0	0	0.0140831540897054	0	0.760984389337747	0.648030495419421
GSM923852	0.049880103291017	0.141518777461904	0.154103268775739	0.198078987684387	0	0.121788103274457	0.167694419504039	0	0.166936340008458	0	0.832860433092608	0.57064554412052
GSM923853	0.136787433401757	0.292359096591942	0.0855688471892988	0.0535445014389303	0	0.0376777000249904	0.0240024687175283	0	0.370059952635553	0	0.791814967139799	0.613924389733422
GSM923854	0.225330829859109	0.202113925218152	0.258950393844999	0.25316890903859	0	0	0.0226979774680534	0	0.0377379645710974	0	0.768523891237957	0.639090726840868
GSM923855	0.26200081487978	0.155359636801465	0.148082039191016	0.236579007735405	0.0832301795297257	0	0.0789393351032397	0	0.0358089867593685	0	0.756739149453626	0.652890776795486
GSM923856	0.0958852826806221	0.226738965035138	0.147883022854539	0.140070207005033	0.151868678149913	0	0.177244761035224	0	0.0603090832395306	0	0.712756365277581	0.713977367131787
GSM923857	0.195625487784184	0.150656855094391	0.245887078653141	0.216865227657575	0	0.0244428813242455	0	0	0.166522469486464	0	0.753184412769165	0.662053805506025
GSM923858	0.150694095278968	0.388768452853323	0	0.293913913887648	0	0.00873848639853536	0.0472528079431952	0	0.11063224363833	0	0.716382782422699	0.706124198437204
GSM923859	0.0332378423083615	0.0271790745982585	0.241268797246404	0.017722660078792	0.17932393693133	0.207655145256079	0.184281630281382	0	0.109330913299394	0	0.698198249042632	0.714453790771364
GSM923860	0.0117902387800786	0.190266508779308	0.124525209584053	0.192694274148752	0.360315347961878	0.0297290670045714	0	0	0.090679353741358	0	0.416192769310398	0.923488630477232
GSM923861	0.234241285080265	0.241857850632059	0.102533340070163	0.306136981562953	0.0392857204645051	0	0.033121433141059	0	0.0428233890489972	0	0.671140976390667	0.744678634042896
GSM923862	0.259251857477582	0.116336677979181	0.227428912801609	0.331800195506485	0	0	0.0651823562351421	0	0	0	0.742599550869131	0.668690959320719
GSM923863	0.0930483384508895	0.406595729884704	0.00675487811380049	0.31690866855934	0.124243367514712	0	0	0	0.0524490174765538	0	0.636295493181085	0.781411308833883
GSM923864	0.185645587805436	0.219730939496905	0.228319767436745	0.255683097946374	0	0.0295609139576999	0.0203659565463833	0	0.0606937368104571	0	0.791978281251283	0.61075485218778
GSM923865	0.130949977288425	0.166125829575102	0.291050032770223	0.292456708019109	0.107429403132985	0	0.0119880492141564	0	0	0	0.761991194550496	0.649445263210937
GSM923866	0.356533629259202	0.0572876851505213	0	0.0907459721385843	0.111851471449015	0.270147303645945	0.0311253732948272	0	0.082308565061905	0	0.313005871188133	1.01437028411324
GSM923867	0.054461085307178	0.168299887161712	0.364361667662722	0.195784206882077	0.063073997363046	0.02940948981215	0.0323484173218612	0	0.0922612484892537	0	0.683539608837227	0.729399578110536
GSM923868	0.183734817977622	0.282089099107614	0.130021035644385	0.351669268648601	0.000948560666785802	0.0476739020520676	0	0	0.00386331590292356	0	0.716420627646328	0.697129703477666
GSM923869	0	0.310884269075152	0	0.238702431476022	0.288077719820681	0.100200494804833	0	0	0.0621350848233129	0	0.47795765461881	0.889185091701356
GSM923870	0.17947012014733	0.42180620624935	0	0.201992192431856	0	0	0	0	0.196731481171463	0	0.694512087410635	0.732346176875842
GSM923871	0.170238598425782	0.253617895476681	0.12958207257022	0.342431034662431	0	0.0798154005639217	0	0	0.0243149983009635	0	0.664020439010209	0.747250773070535
GSM923872	0.467716701748358	0.126606828096038	0.10679812911015	0.26279108907468	0	0	0.0360872519707745	0	0	0	0.748956567180646	0.665166776775524
GSM923873	0	0.0675455786044038	0.389655937933822	0.101708517782221	0.397599761946651	0	0	0	0.0434902037329022	0	0.59062046744442	0.809383036827582
GSM923874	0.24267269748009	0.207344200259826	0.157033972303054	0.22578503970102	0	0.0440119450749086	0	0	0.123152145181101	0	0.727150327041708	0.685299540226521
GSM923875	0.146617356691588	0.199001822785668	0.119591233409245	0.267473464432585	0.0984589868494154	0	0.0818316739028145	0	0.0870254619286841	0	0.749388294014559	0.662289246608829
GSM923876	0.160571932052336	0.467120269303575	0	0.0417782190038199	0.0212171584805779	0.0467664764008583	0.0566344695151071	0	0.205911475243726	0	0.720158422571417	0.735420344037921
GSM923877	0.175205551863968	0.032813707822126	0.158591550603247	0.228736937180357	0.340361599638016	0	0	0	0.0642906528922862	0	0.472700048936686	0.884718281846662
GSM923878	0.297297725500846	0.248104718774202	0.116725888560162	0.323820062393162	0	0.0140516047716278	0	0	0	0	0.779658152144382	0.625656345278088
GSM923879	0	0.314745429733598	0	0.18523696571662	0.283527499012682	0.0936698550467194	0	0	0.122820250490381	0	0.4748030656174	0.891530491538675
GSM923880	0.339935868449146	0.0227040986390211	0	0.171532270421839	0.0248818029290154	0	0.288247370101317	0	0.152698589459662	0	0.821175698828748	0.570293357369147
GSM923881	0.0198852183697105	0.214825947608706	7.69197476593952e-05	0.304461045963559	0	0.14874549216046	0.123326381442293	0	0.188678994707613	0	0.645504588017295	0.762807409481517
GSM923882	0.297137336625525	0.304512139005628	0.0366825074515153	0.122012926898044	0.0389594326501353	0	0	0	0.200695657369153	0	0.794659679653697	0.606267044106431
GSM923883	0.214706880700675	0.0532552385668583	0.178606734130262	0.32445099497362	0	0.0201245522608764	0.208855599367709	0	0	0	0.784172330811322	0.619829304856085
GSM923884	0.0680668647262484	0.242544165337343	0.174751084197466	0.27740094315371	0.00309858666673029	0	0.165860058413732	0	0.0682782975047713	0	0.694064542867423	0.73176207490889
GSM923885	0.0973993318522777	0.292720973523593	0.0316319204404821	0.314963923618754	0.172292425336569	0.0457275675104665	0.0281793455816908	0	0.0170845121361675	0	0.643611894869116	0.765289404366442
GSM923886	0.155263307222123	0.307765722318202	0.0812427391665827	0.252573194417591	0.0922984638502715	0	0.11085657302523	0	0	0	0.73994222703257	0.68438408130706
GSM923887	0.306213470112884	0.15812855936394	0.101811680645037	0.327220898906565	0	0	0.106625390971574	0	0	0	0.803358116337855	0.595150974020075
GSM923888	0.186487399948997	0.25170929772202	0.0699692583362147	0.341791324786698	0.128193000674335	0	0	0	0.0218497185317346	0	0.578563864151524	0.820868305842258
GSM923889	0.252852274587846	0.174449697869972	0.218126093916495	0.29787136318671	0.0567005704389764	0	0	0	0	0	0.746114735635224	0.66507676927634
GSM923890	0.158620730750001	0.202014478547046	0.0447892716117884	0.383240919690576	0.0261907790975777	0	0.132659902539657	0	0.0524839177633535	0	0.694473275431941	0.719072522340523
GSM923891	0.0761154017676129	0.0916395814358102	0.0413905039477282	0	0.186678485148855	0.0534291924719655	0	0	0.550746835228028	0	0.503686490737324	0.864225416477527
GSM923892	0	0.451828517212913	0	0.222161011805934	0.0191370032094142	0.169702325375593	0	0	0.137171142396146	0	0.493949467716133	0.906792405767846
GSM923893	0.115734790570429	0.207918685065362	0.272505928089934	0.205974478646409	0	0.133089706445268	0.0505606801249026	0	0.0142157310576944	0	0.683015472632489	0.734348716422798
GSM923894	0.140347466678907	0.195153757397612	0.118279017076965	0.405175982012095	0	0	0.12593091580565	0	0.0151128610287714	0	0.708997726173841	0.70464837411934
GSM923895	0.198825739312975	0.142690299242291	0.00189451853392141	0.241137016375089	0	0.13582354609645	0.118706647546937	0	0.160922232892338	0	0.68472802324619	0.727665667217493
GSM923896	0.151814288101595	0.166852667379	0.0138041838803501	0.109635859872643	0.0903988230973024	0	0.130308600638145	0	0.337185577030965	0	0.719425813429998	0.695190387793137
GSM923897	0.116439033463664	0.158179696138159	0	0.193535927805422	0.219161004328915	0.103515851439641	0.0349050623052968	0	0.174263424518903	0	0.50649904147817	0.862734350472565
GSM923898	0.199302195432642	0.24636641410705	0	0.250641337936954	0	0	0.136583031144376	0	0.167107021378979	0	0.736037902111107	0.678273560852352
GSM923899	0.0533241187974123	0.158279720833267	0.264845565120974	0.303900188414512	0.135991468206831	0	0.0836589386270037	0	0	0	0.709163076830725	0.703789162926425
GSM923900	0.112351579694498	0.144978694976603	0.244219430326928	0.234562738677879	0.183914520520546	0	0.0131529871019567	0	0.0668200487015888	0	0.49365189668461	0.880876805639882
GSM923901	0	0.219569474287041	0	0.146022601212163	0	0.50008024988371	0	0	0.134327674617086	0	0.364755275511427	0.952088417453062
GSM923902	0.11294339692527	0.289052965054426	0.0470239717967424	0.20543363691912	0.058213882927888	0	0.179131441167704	0	0.108200705208849	0	0.70364746102505	0.728975800789916
GSM923903	0.0146341204336013	0.36926876470574	0	0.160781821514984	0.147676060867422	0	0.193691674768225	0	0.113947557710027	0	0.765764571433952	0.656436152270336
GSM923904	0.0789264586109075	0.0718047536451203	0.310149715001411	0.190104241484547	0.0638726063006093	0	0.175039468503997	0	0.110102756453409	0	0.801046391627531	0.600207754228687
GSM923905	0.243826388093078	0.115617364145852	0.177584912244298	0.41505460691582	0.0139624026850407	0	0.0339543259159117	0	0	0	0.696525354368158	0.717248983310526
GSM923906	0.228277979039959	0.206119145946997	0.151975736420832	0.29487979802507	0	0	0.0659223232357386	0	0.0528250173314027	0	0.739737523002502	0.672492468503346
GSM923907	0.28964666650593	0.0542415576608286	0.024899869498429	0.129096140057811	0	0.0603072332658007	0.179307047039287	0	0.262501485971914	0	0.763261960915221	0.647051703617007
GSM923908	0	0.185006888289588	0.180152835793217	0.23955515992398	0.395285115993215	0	0	0	0	0	0.55806641297113	0.829911621327844
GSM923909	0.201883729270371	0.2468752993718	0.141361121007228	0.249958543359434	0	0	0	0	0.159921306991166	0	0.754788410538862	0.656003553866863
GSM923910	0.0172827825315163	0.216751462347535	0.0994872121798427	0.136839406929377	0.139414661508082	0.066434679331359	0	0	0.323789795172289	0	0.604367754423397	0.797007300933582
GSM923911	0.201910915602365	0.171848549559907	0.142672464194951	0.257720754638347	0.0854081376671365	0.100268623683716	0.0401705546535756	0	0	0	0.678161250259414	0.734092917275812
GSM923912	0.260647413371676	0.176241276432698	0	0.288246429382077	0	0	0.0988632138712634	0	0.176001666942286	0	0.686659587011974	0.725820661789601
GSM923913	0.123627815230282	0.0132101017787891	0.205759348966662	0.317120964697371	0.173160237278768	0.162218099143887	0.00490343290424123	0	0	0	0.423669241340007	0.912903585160443
GSM923914	0.0985133223521362	0.423927645548652	0	0.0297614164819699	0.231237868533797	0.116676113042403	0	0	0.0998836340410425	0	0.410421672212276	1.00305290141639
GSM923915	0.257611853135251	0.31792177744208	0.119276274493765	0.158860887032163	0.0144288127605572	0.0974432375582773	0	0	0.0344571575779065	0	0.712006505673795	0.71602354513778
GSM923916	0.1611638066118	0.19211637581749	0	0.252303378159549	0	0	0.0937105880076335	0	0.300705851403528	0	0.797391466867286	0.621629437751291
GSM923917	0.157321508165676	0.229793672801476	0.232198472548978	0.219883876364693	0	0.141457205039555	0	0	0.0193452650796222	0	0.715027879332148	0.698536370514102
GSM923918	0.182505010133596	0.107977809835147	0	0.279962613617746	0.0888641353061812	0.239265886776769	0.0427836046838728	0	0.0586409396466875	0	0.498841157778519	0.868502994960168
GSM923919	0.207490316925701	0.0946361714980518	0.199980204534255	0.368359812565701	0	0.0210583030174006	0.108475191458891	0	0	0	0.768502951461955	0.64200790879566
GSM923920	0.0498178374187725	0.0448691523742438	0.154849219499874	0.0918665700051904	0.655504911108832	0	0.00309230959308706	0	0	0	0.483721316301682	0.887835525503735
GSM923921	0.145688086858889	0.235232010195997	0.0917076174051209	0.268036742255886	0.033551404613603	0	0.108403103353041	0	0.117381035317463	0	0.710144692222043	0.704311392922638
GSM923922	0.164058085435958	0.317840828028312	0.128377854842758	0.170953821330908	0	0.0917832978604465	0.0853878107785339	0	0.0415983017230837	0	0.773381427549426	0.643599820251409
GSM923923	0.09860246574743	0.175559073906515	0	0.193156229764441	0.176168601106258	0.269002688348746	0	0	0.0875109411266101	0	0.371627611319233	0.949777505207506
GSM923924	0.0253672268376101	0.405361468730262	0.259914178919581	0.207996209924054	0.0426758849989553	0.0172606828891147	0.000901348840853977	0	0.0405229988595682	0	0.825582168071541	0.566106076160224
GSM923925	0.169709796498979	0.150744933402172	0.200290723684026	0.368987562204662	0.00115774756980318	0	0.109109236640358	0	0	0	0.724222967987806	0.688535357880537
GSM923926	0.205116629823901	0.254840341797933	0	0.358185708632534	0.0529513867141187	0	0.0944728584242922	0	0.0344330746072209	0	0.742828996680835	0.668906200862756
GSM923927	0.095734147738915	0.420512913296839	0	0.238784307238028	0.142541150116968	0	0.0875109152140411	0	0.0149165663952082	0	0.751105191426748	0.676126083706177
GSM923928	0.0582213858329605	0.344305081092255	0.0326087681532872	0.368410487623336	0.160453671782999	0	0	0	0.0360006055151621	0	0.47881264936065	0.899620330034629
GSM923929	0.17629659354585	0.199718798145135	0.260685012578392	0.341106138738956	0	0.0221934569916677	0	0	0	0	0.716740044825836	0.696081783121666
GSM923930	0.125953300832312	0.108709203074536	0.233938961194592	0.13945848375384	0	0.0388111214449338	0.130826674052489	0	0.222302255647297	0	0.760021459270853	0.650580370067463
GSM923931	0.234507029370553	0.334904855233183	0.0509835294758523	0.29444331363349	0	0.0390027739917656	0	0	0.0461584982951562	0	0.713882244332386	0.704991142417133
GSM923932	0.359999636640916	0.0712186463929064	0.1272432764524	0.184463322611673	0	0.0153576485023515	0.184979719104449	0	0.0567377502953034	0	0.765099222919653	0.649285457552335
GSM923933	0.0548826587829098	0.181163578382716	0.192021862219398	0.260434780170546	0.100551733497657	0	0.117352775895196	0	0.0935926110515775	0	0.677176418742039	0.73478622261371
GSM923934	0.161722513168707	0.224323642388998	0	0.386324437905739	0	0.024964090025215	0.182096181048353	0	0.0205691354629883	0	0.726765243699041	0.690042882820793
GSM923935	0.238696156019355	0.379254957391637	0.0340701147286818	0.337333071164639	0	0.00118147978126256	0.00116338938182715	0	0.0083008315325974	0	0.689772672063563	0.741819671672849
GSM923936	0.0374764784025436	0.142080510284977	0.508314393970295	0.233862131341892	0.0414275403850737	0.0203539617638939	0.0164849838513253	0	0	0	0.767632012229911	0.639766178554754
GSM923937	0.126859907315231	0.30518143497293	0.103733811636881	0.35926964683548	0.00895780908192231	0.0959973901575555	0	0	0	0	0.656837216776658	0.755350061134495
GSM923938	0.0366744378570523	0.28056594768921	0	0.387378204853022	0	0.149401731900043	0.0864216257764443	0	0.0595580519242275	0	0.657249908720994	0.752183881138413
GSM923939	0.111794561629742	0.183640560250534	0.125067227108193	0.217350778926017	0	0.0313477899073953	0.171819422538658	0	0.158979659639462	0	0.671489459134872	0.745478663168961
GSM923940	0	0.194781481828431	0	0.190291800023915	0.307727129696907	0.223527454815362	0	0	0.0836721336353854	0	0.391203778729677	0.934937064936396
GSM923941	0.0223890715114224	0.160271308164192	0.0498295712361305	0.3355636836586	0.0672919940678128	0.0740729375405273	0.290581433821315	0	0	0	0.763135179996541	0.645926134886011
GSM923942	0.044714287635734	0.242331810796972	0.235572337221557	0.351215431803632	0.126166132542104	0	0	0	0	0	0.744554824078824	0.669853219980353
GSM923943	0.188787895426761	0.253056671025779	0.0763598526504693	0.189824014944505	0.146340738485825	0	0.0372678403190523	0	0.108362987147608	0	0.72384717418165	0.688879353475304
GSM923944	0.13144541219851	0.197324122965494	0.00231830621440257	0.213671415114259	0	0.0304717809962607	0.227614553687466	0	0.197154408823608	0	0.697024215374286	0.72302143623991
GSM923945	0.18579132010822	0.152562629667627	0.143329513413451	0.350430385144033	0.0903599086653564	0.0775262430013123	0	0	0	0	0.483935601228285	0.884191739168564
GSM923946	0.240320720467822	0.147825136685315	0.273519063093596	0.333996435452329	0	0	0.000163356925741064	0	0.00417528737519687	0	0.758444861107517	0.652007681826492
GSM923947	0.111848324356783	0.132340005871259	0.201336135806536	0.234066937142833	0	0.0239200630076109	0.145241755339789	0	0.151246778475189	0	0.754079120579792	0.656428627282171
GSM923948	0.235114878746158	0.260224936739807	0.109412425173238	0.258475098583025	0.0517237918962801	0.0169749933294135	0	0	0.0680738755320784	0	0.679805816705379	0.735141118149555
GSM923949	0.087110070409237	0.184379786230146	0.232306035701869	0.24645552810168	0.249748579557067	0	0	0	0	0	0.657459558831068	0.752054997860507
GSM923950	0.289918983978887	0.110797982645643	0	0.322650963241399	0	0.032702628772572	0.232392199611853	0	0.0115372417496458	0	0.714615407317767	0.708558197125926
GSM923951	0.122637184113998	0.382264921815486	0.172125143998111	0.129693940082775	0.0737472172674411	0	0.00931306946796487	0	0.110218523254225	0	0.810490673435149	0.588260233638779
GSM923952	0.206182230157363	0.169607426654829	0.149574398811809	0.251297818643401	0.119686022495866	0	0.10064836481775	0	0.00300373841898179	0	0.765310089025036	0.642965685040225
GSM923953	0.0709425317947645	0.192706281883547	0	0.150183104277019	0	0.128747159257037	0.168541178531301	0	0.288879744256331	0	0.749495628022545	0.664546087204387
GSM923954	0.134176953876171	0.262931728928129	0.142664442997477	0.387245978940762	0	0.0729808952574613	0	0	0	0	0.694431471321484	0.718210933865789
GSM923955	0.209515542037735	0.205297916837961	0.0130722649562622	0.18272277130726	0.115933247848049	0	0.226326898894577	0	0.047131358118155	0	0.774718426246144	0.643232535228172
GSM923956	0.322360668163374	0.322393227008596	0	0.191907709236937	0	0.029312917696109	0	0	0.134025477894984	0	0.772333499419257	0.636977666575075
GSM923957	0.14631805568052	0.349086442183166	0.030461436391564	0.308844309699372	0.00564183011100826	0.00872581755195376	0	0	0.150922108382416	0	0.72424035315643	0.688239627220568
GSM923958	0.176013596634621	0.114634583081616	0.104734712465089	0.363069291658412	0.0157834495939745	0	0.225764366566289	0	0	0	0.754155207725918	0.656790214047611
GSM923959	0.0332347974900696	0.117975982076192	0.132254394375327	0.153050901769238	0.190884848659551	0.226440433573163	0	0	0.146158642056459	0	0.37157969864793	0.944546419047691
GSM923960	0.125678524294195	0.0975357768203442	0.253175175237393	0.181595297537061	0	0.0945973652135764	0.194019054452909	0	0.0533988064445213	0	0.716514964068475	0.700948332369281
GSM923961	0.075362787980233	0.339194312804468	0.128376784467696	0.249447351541505	0.129480367135272	0.0781383960708256	0	0	0	0	0.599311228897605	0.814286501878043
GSM923962	0.22882707541102	0.238114804847879	0.0299214178650878	0.365285836984264	0.086072268541494	0	0.0221233102142529	0	0.0296552861360027	0	0.721828887528229	0.691312843510879
GSM923963	0.129172736482435	0.177829331562693	0.195919513739595	0.306837519409505	0	0.141589794180175	0.0259804959950253	0	0.0226706086305726	0	0.585420341927965	0.812669370942754
GSM923964	0.427379054534061	0.164778068438239	0.0154727258173807	0.216461474524635	0	0.0202580771032781	0.0885689760292816	0	0.067081623553125	0	0.768193121247766	0.643548666351328
GSM923965	0	0.0887566495476295	0	0.286386394463751	0.430235508591278	0.0244797187947918	0	0	0.17014172860255	0	0.337993153161056	0.952133413642336
GSM923966	0.30172247113802	0.234425086739754	0	0.226868740134423	0	0.0323054858840889	0.0736656113694684	0	0.131012604734246	0	0.772551580236057	0.634257165400137
GSM923967	0.141125595694955	0.148765915394721	0.151724753123224	0.266761497909171	0	0.159626766748207	0	0	0.131995471129722	0	0.6761472730219	0.7405498692401
GSM923968	0.332630563580789	0.208823095422641	0	0.295746044927453	0	0	0.0638670450778913	0	0.0989332509912255	0	0.773257488929474	0.633199514388853
GSM923969	0.213565196824407	0.25605914802435	0.17558761553403	0.238973007616569	0.0324728715303472	0	0	0	0.0833421604702962	0	0.658291759736977	0.758394721797496
GSM923970	0	0.295096880907256	0	0.225848115238239	0.247464314413697	0	0.196713001603029	0	0.03487768783778	0	0.638978910017308	0.785992113898595
GSM923971	0.166057477996273	0.255209434989119	0	0.299783477378168	0.00926793332420239	0	0.164997245905523	0	0.104684430406715	0	0.804362033239343	0.59349706425823
GSM923972	0.153100531655574	0.0673092272330489	0.259421028786124	0.153489899300939	0	0.177497639788181	0.0666149964012663	0	0.122566676834867	0	0.756209985630896	0.660666127663296
GSM923973	0.263523469072467	0.144670963405111	0.163064324726892	0.247163152623347	0	0	0.181578090172183	0	0	0	0.787929507482005	0.622385502040734
GSM923974	0.182306685293718	0.221326869867945	0.112420235176288	0.27412531162078	0	0.0633906087979804	0	0	0.146430289243288	0	0.700013798390017	0.713951899748235
GSM923975	0.173822826687632	0.214079827264098	0.0796823799663735	0.318293075959195	0.129044163037987	0	0.0690065269515124	0	0.0160712001332012	0	0.746086440593831	0.665634896909722
GSM923976	0.0833695434692948	0.140525043075956	0.299249323801836	0.149639011447301	0.0741818143635552	0.0280926145117516	0.0265531177140948	0	0.19838953161621	0	0.778063526031869	0.638468755329535
GSM923977	0.187584260966007	0.109052667061432	0.02369445872581	0.121805395003402	0.0649832022100482	0	0.0303097957239083	0	0.462570220309393	0	0.658510620366862	0.762737390384109
GSM923978	0.140441866897655	0.109799882877867	0	0.199678468061568	0	0	0.173240086173161	0	0.376839695989748	0	0.763912085998941	0.658564384352388
GSM923979	0.182879129095369	0.159716613653237	0.0363848007244661	0.298142413772979	0	0.0257768529666931	0.103144939221307	0	0.193955250565949	0	0.753910543153617	0.663148840114661
GSM923980	0.272391857367307	0.230291992981238	0	0.20781199670647	0	0	0.0722617225758719	0	0.217242430369113	0	0.728700640673211	0.683865664010817
GSM923981	0.188351870681452	0.184565552108394	0	0.154946259439589	0	0.0615436596657028	0.126479112841482	0	0.28411354526338	0	0.777676556650249	0.632053671301448
GSM923982	0.182126593076848	0.123907728332755	0.124515910050751	0.407029878985776	0.00573267900099431	0	0.0730149558046826	0	0.0836722547481919	0	0.747203343403505	0.673929598577574
GSM923983	0.263093693157304	0.0141930367329746	0.349029117058792	0.221726314134644	0	0	0.151957838916286	0	0	0	0.730080140581798	0.687325700550673
GSM923984	0.203724302847666	0.1661241447016	0.226492794256752	0.323980802948989	0	0.0794906791090116	0.000187276135982339	0	0	0	0.690276274292779	0.722198167407953
GSM923985	0.223528038195185	0.0956300200867329	0.140088166815359	0.380048847796826	0.130514475768278	0	0.0276522051634292	0	0.00253824617418968	0	0.649421629037983	0.759907752260341
GSM923986	0.183040677767225	0.0498349915899318	0	0.208047728868191	0	0.139537717717762	0.332732930086487	0	0.0868059539704035	0	0.779498985492196	0.626473474128355
GSM923987	0.146618524333586	0.110455191592547	0.432006684496923	0.193217036731929	0.0539293395545955	0	0.0051262187823217	0	0.0586470045080976	0	0.75761792030934	0.651522574449442
GSM923988	0.150622437383437	0.0726397844123256	0.0144592585585359	0.138809135240038	0	0.0439582066903753	0.330962636900686	0	0.248548540814602	0	0.787667075872994	0.615191655548671
GSM923989	0.350483133806112	0.131392576231631	0.0214362324673143	0.24767577398533	0	0	0.249012283509612	0	0	0	0.698022021401624	0.756754873395871
GSM923990	0.249840253148655	0.190417911594631	0	0.196682839944668	0	0.208140404998464	0.0378762095061219	0	0.11704238080746	0	0.71702819611094	0.69682026510594
GSM923991	0.241584020313855	0.0550195582104236	0.189145687226662	0.302403757873719	0	0	0.160936705218956	0	0.0509102711563844	0	0.708201575861014	0.70527238407913
GSM923992	0.329150757099798	0.083205972576459	0.0299846052738213	0.223860068179486	0	0	0.310501341100848	0	0.0232972557695887	0	0.745545494714174	0.697947726219781
GSM923993	0.198803767937313	0	0.0628676067302127	0.460681705016796	0.153057352130754	0	0.124317773747785	0	0.000271794437139382	0	0.510619349697525	0.859447347863733
GSM923994	0.146640283788435	0.0874912671021505	0.201377683968038	0.118081357512414	0	0.0580250469753435	0.0926603947280943	0	0.295723965925525	0	0.701346847481549	0.714395991458366
GSM923995	0.0329066327101535	0.0137809096344227	0.0125114601050721	0	0.0523921517176829	0.647444637620369	0.0826076256159213	0	0.158356582596379	0	0.515093522552119	0.860154353738031
GSM923996	0.203283719838239	0.0599077187810518	0.0466136998323625	0.153310481873673	0	0.0432720297155968	0.221007346897813	0	0.272605003061265	0	0.732032642054621	0.680353445937576
GSM923997	0.174768187708076	0.177973568281895	0.166963145151062	0.291649123626319	0	0.0104437391309959	0.108102429483976	0	0.0700998066176766	0	0.806872199411678	0.592110994949463
GSM923998	0.268156370882791	0.0911625426391054	0	0.152211554810129	0	0.0415775451936115	0.33593733131201	0	0.110954655162353	0	0.742818713791946	0.695141305605793
GSM923999	0.112135258110791	0.151252297669632	0.048599199925219	0.271047652708599	0	0.0847493439098554	0.109477589078349	0	0.222738658597554	0	0.772384084155863	0.654135839310018
GSM924000	0.174547829193309	0.135653681182763	0.176061756072734	0.237242064063834	0	0.0293086156573362	0.0871055317324703	0	0.160080522097554	0	0.745216354953832	0.668289994912737
GSM924001	0.182116841075225	0.231221017203173	0.0529845854281561	0.171544043710587	0	0.305802580846791	0.048285314351539	0	0.00804561738452975	0	0.676703375750305	0.737685672879221
GSM924002	0.142246933960915	0.255123178184663	0.0440143550140108	0.26723472402283	0	0.0091398860490389	0.0854214119591036	0	0.196819510809438	0	0.767475280265527	0.641478419544272
GSM924003	0.141879777857036	0.119678342556389	0	0.326238696485598	0	0.0213579780059412	0.266527009504673	0	0.124318195590363	0	0.631522959697425	0.78479280337979
GSM924004	0.255618280138608	0.0865872717426949	0.135590483471555	0.241289939132604	0.00163617109052474	0	0.214534531046761	0	0.0647433233772523	0	0.672369337866793	0.754192915125904
GSM924005	0.111500362145035	0.187261706020378	0.0908692787970801	0.377795304288821	0.0151356584633031	0	0.143769839760652	0	0.0736678505247299	0	0.701354254629965	0.711481444578384
GSM924006	0.18738531754024	0.162931376570046	0	0.326429458386697	0.055966540185846	0	0.232591230474117	0	0.0346960768430544	0	0.66496166609539	0.76033354179882
GSM924007	0.170799970818809	0.170915594814533	0.198941928899786	0.298074859324092	0	0.0154029184048819	0.145864727737898	0	0	0	0.756215293421415	0.656057967793096
GSM924008	0.106942563846819	0.0949088399411992	0.136700249178575	0.26702731337267	0	0.0570916634499825	0.325956255167616	0	0.011373115043138	0	0.72919782216217	0.697790669864598
GSM924009	0.0689047973755753	0.172350589712655	0.328103638002825	0.302803583260999	0.0315750125441335	0	0.0962623791038131	0	0	0	0.714630186235828	0.700474841993894
GSM924010	0.203837853515112	0.0923800889673514	0.184274667258641	0.214904562576809	0.113706526476102	0	0.178151700457713	0	0.012744600748272	0	0.711897830863417	0.705555381921924
GSM924011	0.137493521489297	0.140618360429716	0.289706952858191	0.331395387757398	0	0.0367545220305033	0.0640312554348943	0	0	0	0.724825970880456	0.687662847366496
GSM924012	0.144929511450471	0.127448528102475	0.19177253483316	0.277273460284362	0	0	0.258575965329532	0	0	0	0.704304221141305	0.730771053895127
GSM924013	0.145828479772909	0.313919219942502	0.109366406671186	0.256567897521747	0	0	0.139141052431317	0	0.0351769436603382	0	0.696162008668284	0.749356059339579
GSM924014	0.222119598363869	0.339558484798525	0.010944643683678	0.386151541589282	0	0.0151257797917845	0	0	0.0260999517728611	0	0.698972809884972	0.718171601772089
GSM924015	0.129938798652961	0.234516057410227	0.038868082152537	0.27276764195689	0.0665907849752588	0	0.179134011048855	0	0.0781846238032708	0	0.698544966304293	0.72279711632227
GSM924016	0.0503627968155043	0.150730762516748	0.170438294898786	0.265773445476282	0	0.110885851284761	0.175779522793036	0	0.0760293262148828	0	0.693054794683274	0.719967789152584
GSM924017	0.246699485402283	0.409517403884999	0.101868373318462	0.110367595408738	0	0	0.000435148578902766	0	0.131111993406615	0	0.745468363817344	0.694466175552672
